@relation page-blocks0
@attribute Height integer [1, 804]
@attribute Lenght integer [1, 553]
@attribute Area integer [7, 143993]
@attribute Eccen real [0.007, 537.0]
@attribute P_black real [0.052, 1.0]
@attribute P_and real [0.062, 1.0]
@attribute Mean_tr real [1.0, 4955.0]
@attribute Blackpix integer [1, 33017]
@attribute Blackand integer [7, 46133]
@attribute Wb_trans integer [1, 3212]
@attribute Class {positive, negative}
@inputs Height, Lenght, Area, Eccen, P_black, P_and, Mean_tr, Blackpix, Blackand, Wb_trans
@outputs Class
@data
11, 8, 88, 0.727, 0.58, 1.0, 5.1, 51, 88, 10, negative
2, 22, 44, 11.0, 0.705, 0.864, 15.5, 31, 38, 2, positive
9, 92, 828, 10.222, 0.286, 0.885, 1.93, 237, 733, 123, negative
1, 10, 10, 10.0, 1.0, 1.0, 10.0, 10, 10, 1, positive
8, 3, 24, 0.375, 0.417, 0.417, 10.0, 10, 10, 1, negative
10, 126, 1260, 12.6, 0.425, 0.862, 2.68, 536, 1086, 200, negative
2, 116, 232, 58.0, 0.616, 0.802, 17.88, 143, 186, 8, positive
11, 7, 77, 0.636, 0.468, 1.0, 3.6, 36, 77, 10, negative
8, 35, 280, 4.375, 0.379, 0.886, 1.66, 106, 248, 64, negative
9, 95, 855, 10.556, 0.285, 0.723, 2.1, 244, 618, 116, negative
11, 101, 1111, 9.182, 0.239, 0.818, 1.61, 265, 909, 165, negative
12, 40, 480, 3.333, 0.271, 0.733, 1.97, 130, 352, 66, negative
11, 42, 462, 3.818, 0.335, 0.829, 2.25, 155, 383, 69, negative
12, 62, 744, 5.167, 0.234, 0.66, 1.58, 174, 491, 110, negative
5, 2, 10, 0.4, 0.8, 0.8, 8.0, 8, 8, 1, positive
8, 45, 360, 5.625, 0.469, 0.956, 2.91, 169, 344, 58, negative
9, 22, 198, 2.444, 0.298, 0.965, 2.11, 59, 191, 28, negative
5, 35, 175, 7.0, 0.2, 0.829, 4.38, 35, 145, 8, negative
10, 8, 80, 0.8, 0.5, 1.0, 5.0, 40, 80, 8, negative
9, 20, 180, 2.222, 0.339, 0.872, 2.35, 61, 157, 26, negative
10, 83, 830, 8.3, 0.295, 0.725, 2.02, 245, 602, 121, negative
11, 100, 1100, 9.091, 0.269, 0.765, 1.9, 296, 842, 156, negative
9, 20, 180, 2.222, 0.339, 0.772, 1.74, 61, 139, 35, negative
10, 101, 1010, 10.1, 0.466, 0.893, 3.02, 471, 902, 156, negative
10, 126, 1260, 12.6, 0.463, 0.848, 3.16, 584, 1068, 185, negative
4, 2, 8, 0.5, 0.875, 0.875, 7.0, 7, 7, 1, positive
10, 123, 1230, 12.3, 0.362, 0.888, 2.99, 445, 1092, 149, negative
66, 3, 198, 0.045, 0.657, 0.909, 2.6, 130, 180, 50, positive
10, 131, 1310, 13.1, 0.456, 0.851, 3.0, 597, 1115, 199, negative
1, 152, 152, 152.0, 0.822, 1.0, 11.36, 125, 152, 11, positive
1, 51, 51, 51.0, 0.471, 1.0, 2.4, 24, 51, 10, positive
7, 45, 315, 6.429, 0.2, 0.775, 1.91, 63, 244, 33, negative
9, 21, 189, 2.333, 0.392, 0.899, 2.74, 74, 170, 27, negative
11, 8, 88, 0.727, 0.25, 1.0, 2.44, 22, 88, 9, negative
9, 6, 54, 0.667, 0.5, 0.593, 13.5, 27, 32, 2, negative
10, 98, 980, 9.8, 0.463, 0.945, 2.72, 454, 926, 167, negative
9, 121, 1089, 13.444, 0.356, 0.817, 2.2, 388, 890, 176, negative
9, 41, 369, 4.556, 0.425, 0.962, 2.71, 157, 355, 58, negative
7, 16, 112, 2.286, 0.42, 0.768, 2.14, 47, 86, 22, negative
7, 100, 700, 14.286, 0.411, 0.849, 1.83, 288, 594, 157, negative
311, 463, 143993, 1.489, 0.088, 0.16, 3.93, 12631, 23092, 3212, positive
12, 8, 96, 0.667, 0.292, 1.0, 3.11, 28, 96, 9, negative
9, 121, 1089, 13.444, 0.399, 0.843, 2.4, 434, 918, 181, negative
11, 92, 1012, 8.364, 0.361, 0.851, 2.3, 365, 861, 159, negative
9, 41, 369, 4.556, 0.507, 0.992, 3.28, 187, 366, 57, negative
10, 11, 110, 1.1, 0.427, 1.0, 1.52, 47, 110, 31, negative
10, 80, 800, 8.0, 0.308, 0.838, 2.02, 246, 670, 122, negative
12, 13, 156, 1.083, 0.391, 0.981, 2.35, 61, 153, 26, negative
9, 40, 360, 4.444, 0.483, 0.992, 2.85, 174, 357, 61, negative
9, 47, 423, 5.222, 0.371, 0.825, 2.75, 157, 349, 57, negative
1, 117, 117, 117.0, 0.393, 1.0, 5.75, 46, 117, 8, positive
9, 12, 108, 1.333, 0.407, 1.0, 1.63, 44, 108, 27, negative
8, 12, 96, 1.5, 0.469, 1.0, 1.61, 45, 96, 28, negative
9, 81, 729, 9.0, 0.287, 0.826, 2.22, 209, 602, 94, negative
11, 86, 946, 7.818, 0.289, 0.701, 1.98, 273, 663, 138, negative
12, 117, 1404, 9.75, 0.251, 0.635, 1.86, 353, 891, 190, negative
8, 47, 376, 5.875, 0.324, 0.896, 2.18, 122, 337, 56, negative
14, 300, 4200, 21.429, 0.263, 0.607, 2.39, 1106, 2550, 462, negative
7, 31, 217, 4.429, 0.221, 0.853, 1.78, 48, 185, 27, negative
4, 15, 60, 3.75, 0.267, 0.8, 4.0, 16, 48, 4, negative
10, 8, 80, 0.8, 0.525, 0.875, 7.0, 42, 70, 6, negative
9, 53, 477, 5.889, 0.317, 0.805, 1.66, 151, 384, 91, negative
9, 81, 729, 9.0, 0.337, 0.918, 1.97, 246, 669, 125, negative
76, 1, 76, 0.013, 1.0, 1.0, 76.0, 76, 76, 1, positive
9, 130, 1170, 14.444, 0.513, 0.925, 2.86, 600, 1082, 210, negative
1, 44, 44, 44.0, 0.909, 1.0, 20.0, 40, 44, 2, positive
17, 77, 1309, 4.529, 0.314, 0.76, 2.94, 411, 995, 140, negative
11, 9, 99, 0.818, 0.545, 0.818, 9.0, 54, 81, 6, negative
1, 45, 45, 45.0, 0.933, 1.0, 21.0, 42, 45, 2, positive
9, 21, 189, 2.333, 0.365, 0.905, 2.3, 69, 171, 30, negative
11, 94, 1034, 8.545, 0.257, 0.604, 2.18, 266, 625, 122, negative
8, 54, 432, 6.75, 0.35, 0.887, 1.74, 151, 383, 87, negative
11, 82, 902, 7.455, 0.236, 0.814, 1.97, 213, 734, 108, negative
12, 73, 876, 6.083, 0.259, 0.743, 2.1, 227, 651, 108, negative
9, 81, 729, 9.0, 0.322, 0.819, 2.22, 235, 597, 106, negative
8, 43, 344, 5.375, 0.392, 0.927, 2.21, 135, 319, 61, negative
8, 3, 24, 0.375, 0.5, 0.667, 3.0, 12, 16, 4, negative
10, 38, 380, 3.8, 0.397, 0.887, 2.7, 151, 337, 56, negative
9, 21, 189, 2.333, 0.365, 0.82, 2.88, 69, 155, 24, negative
8, 11, 88, 1.375, 0.443, 1.0, 1.63, 39, 88, 24, negative
9, 12, 108, 1.333, 0.407, 0.898, 1.63, 44, 97, 27, negative
8, 83, 664, 10.375, 0.357, 0.979, 1.98, 237, 650, 120, negative
11, 26, 286, 2.364, 0.283, 0.888, 2.19, 81, 254, 37, negative
8, 6, 48, 0.75, 0.542, 0.646, 13.0, 26, 31, 2, negative
1, 73, 73, 73.0, 0.616, 1.0, 3.75, 45, 73, 12, positive
9, 123, 1107, 13.667, 0.39, 0.996, 2.82, 432, 1103, 153, negative
9, 93, 837, 10.333, 0.259, 0.895, 1.74, 217, 749, 125, negative
13, 1, 13, 0.077, 1.0, 1.0, 13.0, 13, 13, 1, positive
7, 9, 63, 1.286, 0.143, 0.238, 9.0, 9, 15, 1, positive
13, 409, 5317, 31.462, 0.267, 0.582, 2.23, 1421, 3095, 637, negative
7, 114, 798, 16.286, 0.253, 0.741, 1.77, 202, 591, 114, negative
9, 76, 684, 8.444, 0.352, 0.813, 2.27, 241, 556, 106, negative
13, 77, 1001, 5.923, 0.298, 0.7, 2.4, 298, 701, 124, negative
9, 172, 1548, 19.111, 0.353, 0.799, 2.43, 546, 1237, 225, negative
8, 17, 136, 2.125, 0.529, 0.853, 2.88, 72, 116, 25, negative
9, 45, 405, 5.0, 0.279, 0.785, 2.17, 113, 318, 52, negative
9, 107, 963, 11.889, 0.357, 0.875, 2.14, 344, 843, 161, negative
13, 409, 5317, 31.462, 0.312, 0.602, 3.03, 1657, 3200, 547, negative
13, 409, 5317, 31.462, 0.277, 0.573, 2.65, 1475, 3049, 556, negative
11, 337, 3707, 30.636, 0.175, 0.637, 2.2, 650, 2361, 296, negative
13, 30, 390, 2.308, 0.356, 0.649, 3.23, 139, 253, 43, negative
6, 29, 174, 4.833, 0.356, 0.684, 1.88, 62, 119, 33, negative
13, 58, 754, 4.462, 0.336, 0.599, 3.2, 253, 452, 79, negative
10, 22, 220, 2.2, 0.491, 0.932, 3.72, 108, 205, 29, negative
12, 124, 1488, 10.333, 0.3, 0.869, 1.96, 447, 1293, 228, negative
12, 122, 1464, 10.167, 0.26, 0.881, 2.3, 381, 1290, 166, negative
8, 13, 104, 1.625, 0.587, 0.837, 4.69, 61, 87, 13, negative
5, 116, 580, 23.2, 0.376, 0.784, 2.18, 218, 455, 100, negative
22, 71, 1562, 3.227, 0.536, 0.876, 11.64, 838, 1368, 72, negative
6, 189, 1134, 31.5, 0.324, 0.83, 1.62, 367, 941, 227, negative
36, 96, 3456, 2.667, 0.096, 0.207, 7.7, 331, 717, 43, positive
8, 107, 856, 13.375, 0.384, 0.86, 2.12, 329, 736, 155, negative
9, 91, 819, 10.111, 0.233, 0.789, 1.71, 191, 646, 112, negative
5, 29, 145, 5.8, 0.4, 0.89, 1.87, 58, 129, 31, negative
6, 89, 534, 14.833, 0.298, 0.758, 1.61, 159, 405, 99, negative
27, 115, 3105, 4.259, 0.293, 0.672, 2.35, 910, 2087, 388, negative
16, 44, 704, 2.75, 0.376, 0.744, 2.39, 265, 524, 111, negative
11, 104, 1144, 9.455, 0.367, 0.747, 2.56, 420, 854, 164, negative
11, 413, 4543, 37.545, 0.356, 0.806, 2.44, 1619, 3662, 664, negative
12, 118, 1416, 9.833, 0.35, 0.778, 2.98, 495, 1102, 166, negative
24, 96, 2304, 4.0, 0.208, 0.504, 3.18, 480, 1161, 151, negative
18, 48, 864, 2.667, 0.264, 0.524, 4.3, 228, 453, 53, negative
8, 67, 536, 8.375, 0.392, 0.724, 2.31, 210, 388, 91, negative
14, 19, 266, 1.357, 0.113, 0.504, 30.0, 30, 134, 1, positive
8, 271, 2168, 33.875, 0.314, 0.819, 1.82, 681, 1775, 375, negative
7, 13, 91, 1.857, 0.154, 0.484, 2.0, 14, 44, 7, positive
4, 7, 28, 1.75, 0.286, 1.0, 2.0, 8, 28, 4, positive
11, 271, 2981, 24.636, 0.177, 0.588, 1.49, 527, 1752, 353, negative
8, 7, 56, 0.875, 0.393, 0.946, 2.0, 22, 53, 11, negative
7, 7, 49, 1.0, 0.367, 1.0, 1.38, 18, 49, 13, negative
6, 17, 102, 2.833, 0.343, 0.873, 1.3, 35, 89, 27, negative
100, 49, 4900, 0.49, 0.093, 0.4, 1.77, 458, 1958, 259, positive
6, 5, 30, 0.833, 0.233, 0.633, 1.75, 7, 19, 4, positive
10, 271, 2710, 27.1, 0.188, 0.665, 1.31, 509, 1803, 388, negative
10, 272, 2720, 27.2, 0.206, 0.786, 1.4, 559, 2139, 399, negative
8, 10, 80, 1.25, 0.313, 0.675, 1.92, 25, 54, 13, negative
10, 272, 2720, 27.2, 0.191, 0.578, 1.49, 520, 1571, 348, negative
10, 125, 1250, 12.5, 0.19, 0.526, 1.39, 237, 657, 170, negative
8, 71, 568, 8.875, 0.238, 0.701, 1.47, 135, 398, 92, negative
11, 189, 2079, 17.182, 0.174, 0.613, 1.41, 361, 1275, 256, negative
10, 147, 1470, 14.7, 0.168, 0.55, 1.29, 247, 809, 191, negative
10, 173, 1730, 17.3, 0.09, 0.375, 1.52, 155, 649, 102, negative
7, 29, 203, 4.143, 0.281, 0.842, 1.46, 57, 171, 39, negative
8, 26, 208, 3.25, 0.264, 0.62, 1.45, 55, 129, 38, negative
8, 21, 168, 2.625, 0.262, 0.696, 1.52, 44, 117, 29, negative
8, 99, 792, 12.375, 0.199, 0.662, 1.39, 158, 524, 114, negative
9, 81, 729, 9.0, 0.187, 0.542, 1.49, 136, 395, 91, negative
8, 11, 88, 1.375, 0.159, 0.477, 1.75, 14, 42, 8, negative
7, 54, 378, 7.714, 0.267, 0.619, 1.42, 101, 234, 71, negative
5, 32, 160, 6.4, 0.431, 0.988, 1.47, 69, 158, 47, negative
7, 41, 287, 5.857, 0.226, 0.784, 1.48, 65, 225, 44, negative
7, 18, 126, 2.571, 0.206, 0.651, 2.17, 26, 82, 12, negative
7, 33, 231, 4.714, 0.299, 0.848, 1.44, 69, 196, 48, negative
7, 6, 42, 0.857, 0.452, 1.0, 1.9, 19, 42, 10, negative
7, 13, 91, 1.857, 0.264, 0.648, 1.41, 24, 59, 17, negative
8, 47, 376, 5.875, 0.221, 0.702, 1.26, 83, 264, 66, negative
9, 56, 504, 6.222, 0.21, 0.603, 1.26, 106, 304, 84, negative
9, 135, 1215, 15.0, 0.249, 0.626, 1.56, 302, 761, 193, negative
9, 49, 441, 5.444, 0.231, 0.685, 1.46, 102, 302, 70, negative
7, 66, 462, 9.429, 0.294, 0.924, 1.46, 136, 427, 93, negative
7, 9, 63, 1.286, 0.286, 0.968, 1.2, 18, 61, 15, negative
8, 27, 216, 3.375, 0.236, 0.685, 1.31, 51, 148, 39, negative
7, 37, 259, 5.286, 0.305, 1.0, 1.46, 79, 259, 54, negative
7, 11, 77, 1.571, 0.364, 1.0, 1.33, 28, 77, 21, negative
6, 9, 54, 1.5, 0.296, 0.796, 1.23, 16, 43, 13, negative
7, 42, 294, 6.0, 0.333, 0.844, 1.46, 98, 248, 67, negative
9, 19, 171, 2.111, 0.251, 0.977, 1.34, 43, 167, 32, negative
8, 54, 432, 6.75, 0.275, 0.778, 1.37, 119, 336, 87, negative
7, 43, 301, 6.143, 0.249, 0.807, 1.29, 75, 243, 58, negative
5, 7, 35, 1.4, 0.429, 0.971, 1.36, 15, 34, 11, negative
10, 262, 2620, 26.2, 0.19, 0.601, 1.32, 499, 1575, 377, negative
8, 6, 48, 0.75, 0.313, 0.813, 1.88, 15, 39, 8, negative
9, 47, 423, 5.222, 0.279, 0.773, 1.53, 118, 327, 77, negative
7, 7, 49, 1.0, 0.347, 0.98, 2.13, 17, 48, 8, negative
7, 11, 77, 1.571, 0.364, 0.727, 1.56, 28, 56, 18, negative
5, 32, 160, 6.4, 0.35, 0.863, 1.33, 56, 138, 42, negative
5, 24, 120, 4.8, 0.375, 0.95, 1.45, 45, 114, 31, negative
7, 9, 63, 1.286, 0.381, 0.857, 2.0, 24, 54, 12, negative
7, 17, 119, 2.429, 0.227, 0.891, 1.5, 27, 106, 18, negative
7, 19, 133, 2.714, 0.346, 0.842, 1.77, 46, 112, 26, negative
7, 27, 189, 3.857, 0.37, 0.841, 1.79, 70, 159, 39, negative
7, 17, 119, 2.429, 0.261, 0.95, 1.82, 31, 113, 17, negative
7, 8, 56, 1.143, 0.339, 0.875, 2.38, 19, 49, 8, negative
7, 14, 98, 2.0, 0.286, 0.755, 1.56, 28, 74, 18, negative
7, 11, 77, 1.571, 0.247, 0.61, 1.36, 19, 47, 14, negative
5, 19, 95, 3.8, 0.389, 0.895, 1.32, 37, 85, 28, negative
7, 16, 112, 2.286, 0.241, 0.634, 1.93, 27, 71, 14, negative
7, 21, 147, 3.0, 0.32, 0.714, 1.68, 47, 105, 28, negative
7, 11, 77, 1.571, 0.364, 0.935, 1.4, 28, 72, 20, negative
7, 20, 140, 2.857, 0.229, 0.864, 1.19, 32, 121, 27, negative
7, 25, 175, 3.571, 0.189, 0.806, 1.22, 33, 141, 27, negative
9, 11, 99, 1.222, 0.253, 0.778, 1.92, 25, 77, 13, negative
10, 31, 310, 3.1, 0.197, 0.652, 1.3, 61, 202, 47, negative
7, 7, 49, 1.0, 0.286, 1.0, 1.27, 14, 49, 11, negative
7, 46, 322, 6.571, 0.354, 0.994, 1.46, 114, 320, 78, negative
7, 14, 98, 2.0, 0.327, 0.847, 1.45, 32, 83, 22, negative
7, 16, 112, 2.286, 0.259, 1.0, 2.07, 29, 112, 14, negative
7, 14, 98, 2.0, 0.316, 0.847, 1.48, 31, 83, 21, negative
6, 15, 90, 2.5, 0.267, 0.833, 2.0, 24, 75, 12, negative
7, 6, 42, 0.857, 0.333, 1.0, 1.4, 14, 42, 10, negative
7, 11, 77, 1.571, 0.403, 0.961, 1.55, 31, 74, 20, negative
7, 56, 392, 8.0, 0.319, 0.829, 1.45, 125, 325, 86, negative
6, 27, 162, 4.5, 0.241, 0.988, 1.11, 39, 160, 35, negative
7, 16, 112, 2.286, 0.259, 0.768, 2.07, 29, 86, 14, negative
5, 12, 60, 2.4, 0.55, 0.983, 2.2, 33, 59, 15, negative
5, 6, 30, 1.2, 0.433, 1.0, 1.63, 13, 30, 8, negative
7, 5, 35, 0.714, 0.429, 0.886, 2.5, 15, 31, 6, negative
7, 10, 70, 1.429, 0.3, 0.771, 1.5, 21, 54, 14, negative
7, 26, 182, 3.714, 0.374, 0.846, 1.66, 68, 154, 41, negative
7, 26, 182, 3.714, 0.346, 0.725, 1.5, 63, 132, 42, negative
7, 52, 364, 7.429, 0.266, 0.959, 1.21, 97, 349, 80, negative
7, 18, 126, 2.571, 0.357, 1.0, 1.55, 45, 126, 29, negative
7, 53, 371, 7.571, 0.299, 0.927, 1.29, 111, 344, 86, negative
6, 33, 198, 5.5, 0.303, 0.874, 1.46, 60, 173, 41, negative
8, 41, 328, 5.125, 0.293, 0.872, 1.43, 96, 286, 67, negative
7, 35, 245, 5.0, 0.347, 0.771, 1.52, 85, 189, 56, negative
8, 8, 64, 1.0, 0.234, 0.953, 2.5, 15, 61, 6, negative
7, 45, 315, 6.429, 0.238, 0.67, 1.15, 75, 211, 65, negative
7, 8, 56, 1.143, 0.321, 0.786, 1.38, 18, 44, 13, negative
7, 18, 126, 2.571, 0.27, 0.881, 1.36, 34, 111, 25, negative
9, 53, 477, 5.889, 0.218, 0.591, 1.24, 104, 282, 84, negative
9, 29, 261, 3.222, 0.188, 0.502, 1.48, 49, 131, 33, negative
6, 44, 264, 7.333, 0.265, 0.811, 1.23, 70, 214, 57, negative
10, 39, 390, 3.9, 0.285, 0.546, 1.91, 111, 213, 58, negative
7, 34, 238, 4.857, 0.462, 0.941, 2.34, 110, 224, 47, negative
8, 9, 72, 1.125, 0.431, 0.903, 2.07, 31, 65, 15, negative
2, 46, 92, 23.0, 0.511, 0.554, 47.0, 47, 51, 1, positive
8, 141, 1128, 17.625, 0.371, 0.977, 1.84, 418, 1102, 227, negative
11, 19, 209, 1.727, 0.378, 0.9, 1.93, 79, 188, 41, negative
8, 42, 336, 5.25, 0.414, 0.955, 1.88, 139, 321, 74, negative
8, 19, 152, 2.375, 0.368, 0.704, 2.33, 56, 107, 24, negative
8, 12, 96, 1.5, 0.417, 0.802, 2.11, 40, 77, 19, negative
54, 48, 2592, 0.889, 0.143, 0.264, 6.85, 370, 685, 54, positive
8, 49, 392, 6.125, 0.406, 0.742, 1.81, 159, 291, 88, negative
8, 53, 424, 6.625, 0.33, 0.906, 2.09, 140, 384, 67, negative
6, 8, 48, 1.333, 0.646, 0.917, 3.1, 31, 44, 10, negative
8, 29, 232, 3.625, 0.453, 0.996, 2.1, 105, 231, 50, negative
9, 1, 9, 0.111, 1.0, 1.0, 9.0, 9, 9, 1, negative
11, 32, 352, 2.909, 0.344, 0.767, 2.69, 121, 270, 45, negative
8, 12, 96, 1.5, 0.51, 0.844, 2.58, 49, 81, 19, negative
7, 5, 35, 0.714, 0.514, 0.8, 9.0, 18, 28, 2, negative
11, 185, 2035, 16.818, 0.295, 0.826, 1.94, 600, 1681, 310, negative
8, 13, 104, 1.625, 0.49, 0.913, 2.68, 51, 95, 19, negative
6, 36, 216, 6.0, 0.509, 0.991, 2.0, 110, 214, 55, negative
10, 53, 530, 5.3, 0.306, 0.889, 1.84, 162, 471, 88, negative
8, 8, 64, 1.0, 0.344, 0.922, 1.83, 22, 59, 12, negative
9, 26, 234, 2.889, 0.342, 0.821, 2.35, 80, 192, 34, negative
9, 18, 162, 2.0, 0.352, 0.901, 1.84, 57, 146, 31, negative
8, 12, 96, 1.5, 0.417, 0.969, 2.11, 40, 93, 19, negative
8, 42, 336, 5.25, 0.369, 1.0, 1.85, 124, 336, 67, negative
9, 59, 531, 6.556, 0.335, 0.821, 1.96, 178, 436, 91, negative
10, 25, 250, 2.5, 0.268, 0.588, 1.91, 67, 147, 35, negative
8, 16, 128, 2.0, 0.344, 0.742, 1.52, 44, 95, 29, negative
11, 233, 2563, 21.182, 0.245, 0.677, 1.8, 629, 1734, 349, negative
10, 25, 250, 2.5, 0.328, 0.828, 2.05, 82, 207, 40, negative
11, 32, 352, 2.909, 0.256, 0.534, 2.0, 90, 188, 45, negative
6, 7, 42, 1.167, 0.5, 0.976, 2.1, 21, 41, 10, negative
12, 272, 3264, 22.667, 0.219, 0.589, 1.8, 715, 1922, 397, negative
9, 10, 90, 1.111, 0.344, 0.789, 2.07, 31, 71, 15, negative
5, 7, 35, 1.4, 0.457, 1.0, 1.45, 16, 35, 11, negative
6, 10, 60, 1.667, 0.433, 0.867, 1.86, 26, 52, 14, negative
8, 42, 336, 5.25, 0.375, 0.899, 2.07, 126, 302, 61, negative
10, 30, 300, 3.0, 0.3, 0.73, 2.14, 90, 219, 42, negative
7, 15, 105, 2.143, 0.4, 0.752, 1.83, 42, 79, 23, negative
8, 51, 408, 6.375, 0.306, 0.637, 1.95, 125, 260, 64, negative
9, 105, 945, 11.667, 0.236, 0.579, 1.91, 223, 547, 117, negative
10, 46, 460, 4.6, 0.278, 0.583, 1.66, 128, 268, 77, negative
8, 30, 240, 3.75, 0.354, 0.75, 2.02, 85, 180, 42, negative
5, 12, 60, 2.4, 0.6, 0.9, 3.0, 36, 54, 12, negative
10, 155, 1550, 15.5, 0.275, 0.803, 1.85, 427, 1244, 231, negative
7, 8, 56, 1.143, 0.482, 1.0, 2.25, 27, 56, 12, negative
10, 7, 70, 0.7, 0.314, 0.857, 1.83, 22, 60, 12, negative
8, 43, 344, 5.375, 0.387, 0.762, 1.93, 133, 262, 69, negative
8, 28, 224, 3.5, 0.442, 0.795, 2.48, 99, 178, 40, negative
3, 3, 9, 1.0, 0.778, 0.778, 7.0, 7, 7, 1, negative
4, 3, 12, 0.75, 0.667, 0.917, 2.67, 8, 11, 3, negative
6, 9, 54, 1.5, 0.37, 0.722, 2.0, 20, 39, 10, negative
10, 39, 390, 3.9, 0.295, 0.908, 2.09, 115, 354, 55, negative
8, 32, 256, 4.0, 0.375, 0.801, 2.04, 96, 205, 47, negative
8, 14, 112, 1.75, 0.411, 0.991, 2.56, 46, 111, 18, negative
8, 12, 96, 1.5, 0.406, 0.917, 1.56, 39, 88, 25, negative
7, 20, 140, 2.857, 0.457, 0.857, 2.46, 64, 120, 26, negative
7, 4, 28, 0.571, 0.5, 1.0, 2.33, 14, 28, 6, negative
5, 14, 70, 2.8, 0.443, 0.743, 2.21, 31, 52, 14, negative
10, 29, 290, 2.9, 0.303, 0.731, 2.1, 88, 212, 42, negative
8, 12, 96, 1.5, 0.458, 0.667, 3.67, 44, 64, 12, negative
8, 9, 72, 1.125, 0.361, 0.819, 1.73, 26, 59, 15, negative
8, 15, 120, 1.875, 0.475, 1.0, 2.38, 57, 120, 24, negative
10, 14, 140, 1.4, 0.371, 0.886, 2.89, 52, 124, 18, negative
10, 16, 160, 1.6, 0.3, 1.0, 1.85, 48, 160, 26, negative
10, 7, 70, 0.7, 0.357, 0.757, 2.78, 25, 53, 9, negative
11, 127, 1397, 11.545, 0.266, 0.686, 2.23, 371, 959, 166, negative
8, 92, 736, 11.5, 0.359, 0.913, 1.75, 264, 672, 151, negative
10, 228, 2280, 22.8, 0.26, 0.61, 1.87, 592, 1390, 316, negative
5, 27, 135, 5.4, 0.607, 0.993, 2.34, 82, 134, 35, negative
8, 9, 72, 1.125, 0.361, 0.903, 1.63, 26, 65, 16, negative
8, 12, 96, 1.5, 0.385, 0.948, 1.48, 37, 91, 25, negative
8, 20, 160, 2.5, 0.363, 0.931, 1.93, 58, 149, 30, negative
5, 14, 70, 2.8, 0.586, 0.943, 2.28, 41, 66, 18, negative
8, 18, 144, 2.25, 0.438, 0.979, 2.74, 63, 141, 23, negative
10, 58, 580, 5.8, 0.3, 0.84, 2.17, 174, 487, 80, negative
8, 10, 80, 1.25, 0.325, 0.913, 1.53, 26, 73, 17, negative
8, 31, 248, 3.875, 0.375, 0.722, 2.02, 93, 179, 46, negative
9, 32, 288, 3.556, 0.33, 0.889, 1.79, 95, 256, 53, negative
7, 25, 175, 3.571, 0.434, 1.0, 1.81, 76, 175, 42, negative
10, 53, 530, 5.3, 0.294, 0.908, 1.75, 156, 481, 89, negative
10, 31, 310, 3.1, 0.329, 0.952, 2.08, 102, 295, 49, negative
8, 33, 264, 4.125, 0.356, 0.705, 2.0, 94, 186, 47, negative
10, 63, 630, 6.3, 0.298, 0.795, 1.72, 188, 501, 109, negative
8, 13, 104, 1.625, 0.452, 0.971, 1.96, 47, 101, 24, negative
8, 4, 32, 0.5, 0.594, 1.0, 2.71, 19, 32, 7, negative
10, 120, 1200, 12.0, 0.279, 0.765, 1.7, 335, 918, 197, negative
7, 4, 28, 0.571, 0.536, 1.0, 5.0, 15, 28, 3, negative
10, 27, 270, 2.7, 0.3, 0.644, 1.98, 81, 174, 41, negative
5, 15, 75, 3.0, 0.547, 0.947, 2.05, 41, 71, 20, negative
6, 7, 42, 1.167, 0.452, 0.833, 2.11, 19, 35, 9, negative
8, 38, 304, 4.75, 0.339, 0.766, 1.75, 103, 233, 59, negative
8, 16, 128, 2.0, 0.406, 0.93, 1.68, 52, 119, 31, negative
6, 4, 24, 0.667, 0.5, 0.75, 6.0, 12, 18, 2, negative
8, 33, 264, 4.125, 0.375, 0.83, 1.9, 99, 219, 52, negative
7, 18, 126, 2.571, 0.413, 0.952, 1.86, 52, 120, 28, negative
7, 6, 42, 0.857, 0.548, 0.952, 2.56, 23, 40, 9, negative
10, 261, 2610, 26.1, 0.264, 0.679, 1.77, 689, 1771, 390, negative
10, 43, 430, 4.3, 0.256, 0.707, 1.8, 110, 304, 61, negative
8, 18, 144, 2.25, 0.174, 0.458, 2.5, 25, 66, 10, negative
7, 8, 56, 1.143, 0.411, 0.714, 2.3, 23, 40, 10, negative
7, 23, 161, 3.286, 0.348, 1.0, 1.37, 56, 161, 41, negative
7, 12, 84, 1.714, 0.405, 0.988, 1.62, 34, 83, 21, negative
7, 36, 252, 5.143, 0.409, 0.861, 1.84, 103, 217, 56, negative
9, 73, 657, 8.111, 0.376, 0.846, 2.63, 247, 556, 94, negative
8, 98, 784, 12.25, 0.221, 0.874, 1.42, 173, 685, 122, negative
9, 111, 999, 12.333, 0.188, 0.769, 1.49, 188, 768, 126, negative
101, 99, 9999, 0.98, 0.14, 0.778, 2.02, 1398, 7780, 691, positive
7, 214, 1498, 30.571, 0.449, 0.899, 2.77, 672, 1346, 243, negative
10, 184, 1840, 18.4, 0.325, 0.626, 2.58, 598, 1152, 232, negative
2, 536, 1072, 268.0, 0.505, 0.512, 180.33, 541, 549, 3, positive
10, 509, 5090, 50.9, 0.097, 0.388, 1.23, 492, 1974, 401, negative
9, 510, 4590, 56.667, 0.149, 0.541, 1.22, 686, 2484, 561, negative
7, 11, 77, 1.571, 0.234, 0.935, 1.64, 18, 72, 11, negative
8, 103, 824, 12.875, 0.142, 0.62, 1.17, 117, 511, 100, negative
6, 13, 78, 2.167, 0.256, 0.974, 1.54, 20, 76, 13, negative
9, 518, 4662, 57.556, 0.096, 0.429, 1.25, 449, 2001, 360, negative
30, 60, 1800, 2.0, 0.154, 0.457, 1.85, 278, 823, 150, positive
24, 280, 6720, 11.667, 0.456, 0.913, 7.66, 3064, 6134, 400, negative
5, 4, 20, 0.8, 0.4, 0.4, 8.0, 8, 8, 1, negative
7, 100, 700, 14.286, 0.283, 0.987, 1.68, 198, 691, 118, negative
7, 63, 441, 9.0, 0.288, 0.991, 1.61, 127, 437, 79, negative
8, 110, 880, 13.75, 0.23, 0.872, 1.66, 202, 767, 122, negative
6, 81, 486, 13.5, 0.282, 0.957, 1.34, 137, 465, 102, negative
9, 267, 2403, 29.667, 0.131, 0.517, 1.35, 315, 1242, 234, negative
9, 534, 4806, 59.333, 0.184, 0.733, 1.34, 884, 3524, 661, negative
8, 101, 808, 12.625, 0.222, 0.834, 1.29, 179, 674, 139, negative
3, 536, 1608, 178.67, 0.341, 0.353, 61.0, 549, 567, 9, positive
8, 75, 600, 9.375, 0.423, 0.87, 3.02, 254, 522, 84, negative
7, 95, 665, 13.571, 0.296, 0.982, 1.64, 197, 653, 120, negative
9, 248, 2232, 27.556, 0.33, 0.727, 2.39, 737, 1622, 308, negative
9, 245, 2205, 27.222, 0.16, 0.607, 1.39, 353, 1338, 254, negative
7, 193, 1351, 27.571, 0.206, 0.813, 1.37, 278, 1099, 203, negative
10, 499, 4990, 49.9, 0.147, 0.631, 1.27, 733, 3150, 575, negative
29, 31, 899, 1.069, 0.463, 0.726, 6.93, 416, 653, 60, positive
8, 83, 664, 10.375, 0.437, 0.866, 2.52, 290, 575, 115, negative
9, 108, 972, 12.0, 0.329, 0.691, 2.27, 320, 672, 141, negative
8, 103, 824, 12.875, 0.425, 0.933, 2.71, 350, 769, 129, negative
6, 29, 174, 4.833, 0.42, 0.937, 1.92, 73, 163, 38, negative
9, 534, 4806, 59.333, 0.14, 0.518, 1.32, 671, 2491, 507, negative
9, 536, 4824, 59.556, 0.154, 0.602, 1.36, 743, 2904, 547, negative
8, 62, 496, 7.75, 0.361, 0.877, 3.03, 179, 435, 59, negative
8, 96, 768, 12.0, 0.276, 0.883, 1.77, 212, 678, 120, negative
9, 83, 747, 9.222, 0.376, 0.687, 2.49, 281, 513, 113, negative
9, 250, 2250, 27.778, 0.347, 0.737, 2.44, 781, 1659, 320, negative
9, 510, 4590, 56.667, 0.148, 0.537, 1.33, 681, 2465, 513, negative
9, 299, 2691, 33.222, 0.133, 0.574, 1.31, 358, 1545, 274, negative
13, 228, 2964, 17.538, 0.24, 0.933, 3.02, 710, 2765, 235, negative
10, 251, 2510, 25.1, 0.151, 0.567, 1.29, 378, 1423, 293, negative
9, 207, 1863, 23.0, 0.177, 0.632, 1.29, 330, 1178, 255, negative
10, 219, 2190, 21.9, 0.153, 0.601, 1.24, 334, 1317, 270, negative
9, 127, 1143, 14.111, 0.174, 0.718, 1.28, 199, 821, 155, negative
10, 250, 2500, 25.0, 0.12, 0.603, 1.19, 301, 1507, 253, negative
31, 37, 1147, 1.194, 0.189, 0.555, 2.07, 217, 637, 105, positive
7, 14, 98, 2.0, 0.296, 0.786, 2.9, 29, 77, 10, negative
8, 15, 120, 1.875, 0.317, 0.742, 2.0, 38, 89, 19, negative
9, 107, 963, 11.889, 0.209, 0.778, 1.38, 201, 749, 146, negative
8, 15, 120, 1.875, 0.283, 0.65, 2.27, 34, 78, 15, negative
9, 166, 1494, 18.444, 0.386, 0.75, 2.95, 576, 1121, 195, negative
9, 171, 1539, 19.0, 0.121, 0.574, 1.35, 186, 884, 138, negative
1, 60, 60, 60.0, 0.2, 1.0, 1.09, 12, 60, 11, negative
8, 218, 1744, 27.25, 0.144, 0.574, 1.29, 252, 1001, 195, negative
1, 65, 65, 65.0, 0.2, 1.0, 1.08, 13, 65, 12, negative
9, 107, 963, 11.889, 0.371, 0.65, 2.59, 357, 626, 138, negative
8, 216, 1728, 27.0, 0.156, 0.511, 1.33, 270, 883, 203, negative
7, 14, 98, 2.0, 0.327, 0.939, 1.88, 32, 92, 17, negative
9, 510, 4590, 56.667, 0.171, 0.695, 1.27, 787, 3190, 618, negative
9, 163, 1467, 18.111, 0.148, 0.667, 1.28, 217, 978, 170, negative
7, 13, 91, 1.857, 0.242, 0.857, 2.0, 22, 78, 11, negative
7, 13, 91, 1.857, 0.286, 0.923, 2.6, 26, 84, 10, negative
7, 14, 98, 2.0, 0.316, 0.827, 1.94, 31, 81, 16, negative
7, 50, 350, 7.143, 0.214, 0.96, 1.23, 75, 336, 61, negative
5, 98, 490, 19.6, 0.316, 0.704, 1.82, 155, 345, 85, negative
25, 292, 7300, 11.68, 0.45, 0.914, 7.23, 3283, 6670, 454, negative
9, 111, 999, 12.333, 0.184, 0.771, 1.6, 184, 770, 115, negative
29, 32, 928, 1.103, 0.432, 0.689, 6.27, 401, 639, 64, positive
2, 32, 64, 16.0, 0.516, 0.531, 33.0, 33, 34, 1, positive
9, 331, 2979, 36.778, 0.195, 0.78, 1.29, 582, 2323, 452, negative
9, 101, 909, 11.222, 0.196, 0.771, 1.22, 178, 701, 146, negative
6, 81, 486, 13.5, 0.282, 0.932, 1.34, 137, 453, 102, negative
9, 310, 2790, 34.444, 0.17, 0.792, 1.27, 475, 2211, 375, negative
7, 169, 1183, 24.143, 0.167, 0.785, 1.28, 197, 929, 154, negative
1, 104, 104, 104.0, 0.192, 1.0, 1.05, 20, 104, 19, negative
2, 45, 90, 22.5, 0.078, 0.944, 1.17, 7, 85, 6, negative
12, 278, 3336, 23.167, 0.11, 0.144, 15.91, 366, 479, 23, positive
5, 10, 50, 2.0, 0.28, 0.74, 7.0, 14, 37, 2, negative
83, 149, 12367, 1.795, 0.388, 0.472, 28.77, 4804, 5838, 167, positive
9, 67, 603, 7.444, 0.468, 0.823, 3.76, 282, 496, 75, negative
14, 5, 70, 0.357, 0.443, 0.514, 6.2, 31, 36, 5, negative
10, 10, 100, 1.0, 0.56, 0.69, 28.0, 56, 69, 2, negative
14, 340, 4760, 24.286, 0.383, 0.521, 5.07, 1824, 2480, 360, negative
1, 7, 7, 7.0, 1.0, 1.0, 7.0, 7, 7, 1, negative
31, 1, 31, 0.032, 1.0, 1.0, 31.0, 31, 31, 1, positive
11, 228, 2508, 20.727, 0.282, 0.621, 2.96, 708, 1558, 239, negative
7, 36, 252, 5.143, 0.567, 0.929, 2.51, 143, 234, 57, negative
14, 314, 4396, 22.429, 0.379, 0.721, 4.66, 1664, 3168, 357, negative
13, 322, 4186, 24.769, 0.375, 0.714, 4.62, 1571, 2990, 340, negative
54, 357, 19278, 6.611, 0.299, 0.655, 6.4, 5766, 12626, 901, positive
10, 9, 90, 0.9, 0.644, 0.689, 58.0, 58, 62, 1, negative
10, 10, 100, 1.0, 0.46, 0.46, 46.0, 46, 46, 1, negative
10, 82, 820, 8.2, 0.362, 0.69, 2.75, 297, 566, 108, negative
9, 17, 153, 1.889, 0.523, 0.869, 7.27, 80, 133, 11, negative
7, 156, 1092, 22.286, 0.473, 0.991, 2.37, 517, 1082, 218, negative
8, 155, 1240, 19.375, 0.452, 0.882, 2.78, 561, 1094, 202, negative
14, 364, 5096, 26.0, 0.366, 0.562, 4.71, 1865, 2865, 396, negative
25, 169, 4225, 6.76, 0.215, 0.947, 1.57, 907, 4000, 579, positive
24, 107, 2568, 4.458, 0.908, 0.982, 16.91, 2333, 2523, 138, negative
11, 245, 2695, 22.273, 0.353, 0.765, 2.77, 952, 2063, 344, negative
9, 18, 162, 2.0, 0.66, 0.883, 7.13, 107, 143, 15, negative
3, 106, 318, 35.333, 0.258, 0.34, 6.31, 82, 108, 13, positive
20, 1, 20, 0.05, 1.0, 1.0, 20.0, 20, 20, 1, positive
1, 44, 44, 44.0, 0.727, 1.0, 5.33, 32, 44, 6, positive
13, 159, 2067, 12.231, 0.412, 0.627, 4.81, 852, 1296, 177, negative
8, 1, 8, 0.125, 1.0, 1.0, 8.0, 8, 8, 1, positive
12, 285, 3420, 23.75, 0.411, 0.708, 4.33, 1404, 2421, 324, negative
12, 332, 3984, 27.667, 0.402, 0.659, 4.5, 1602, 2626, 356, negative
26, 378, 9828, 14.538, 0.229, 0.584, 3.46, 2252, 5737, 650, negative
25, 169, 4225, 6.76, 0.218, 0.971, 1.58, 923, 4101, 586, negative
14, 419, 5866, 29.929, 0.373, 0.603, 4.51, 2188, 3535, 485, negative
14, 390, 5460, 27.857, 0.358, 0.59, 4.44, 1956, 3224, 441, negative
10, 20, 200, 2.0, 0.605, 0.795, 8.07, 121, 159, 15, negative
11, 165, 1815, 15.0, 0.354, 0.706, 3.38, 643, 1282, 190, negative
12, 1, 12, 0.083, 1.0, 1.0, 12.0, 12, 12, 1, positive
168, 135, 22680, 0.804, 0.82, 0.904, 62.81, 18591, 20513, 296, positive
14, 284, 3976, 20.286, 0.365, 0.54, 5.1, 1453, 2147, 285, negative
9, 140, 1260, 15.556, 0.38, 0.756, 2.71, 479, 953, 177, negative
9, 369, 3321, 41.0, 0.329, 0.639, 2.67, 1094, 2122, 409, negative
1, 15, 15, 15.0, 0.533, 1.0, 2.0, 8, 15, 4, positive
13, 266, 3458, 20.462, 0.398, 0.579, 4.81, 1375, 2003, 286, negative
11, 184, 2024, 16.727, 0.46, 0.796, 4.41, 931, 1611, 211, negative
7, 57, 399, 8.143, 0.414, 0.797, 2.7, 165, 318, 61, negative
11, 205, 2255, 18.636, 0.371, 0.717, 3.01, 837, 1616, 278, negative
15, 138, 2070, 9.2, 0.431, 0.75, 5.45, 893, 1552, 164, negative
1, 42, 42, 42.0, 0.19, 1.0, 1.6, 8, 42, 5, positive
9, 78, 702, 8.667, 0.464, 0.89, 3.33, 326, 625, 98, negative
16, 1, 16, 0.063, 1.0, 1.0, 16.0, 16, 16, 1, positive
12, 22, 264, 1.833, 0.553, 0.841, 7.68, 146, 222, 19, negative
15, 222, 3330, 14.8, 0.414, 0.728, 5.34, 1378, 2425, 258, negative
10, 59, 590, 5.9, 0.403, 0.792, 2.98, 238, 467, 80, negative
7, 80, 560, 11.429, 0.5, 0.848, 3.54, 280, 475, 79, negative
11, 19, 209, 1.727, 0.579, 0.957, 7.56, 121, 200, 16, negative
16, 424, 6784, 26.5, 0.371, 0.563, 5.34, 2514, 3820, 471, negative
16, 389, 6224, 24.313, 0.364, 0.569, 5.35, 2268, 3544, 424, negative
3, 424, 1272, 141.33, 0.537, 0.557, 136.6, 683, 709, 5, negative
11, 20, 220, 1.818, 0.577, 0.882, 8.47, 127, 194, 15, negative
11, 87, 957, 7.909, 0.319, 0.628, 2.65, 305, 601, 115, negative
15, 356, 5340, 23.733, 0.398, 0.738, 5.32, 2127, 3940, 400, negative
11, 302, 3322, 27.455, 0.379, 0.804, 2.81, 1260, 2670, 448, negative
10, 57, 570, 5.7, 0.407, 0.739, 2.94, 232, 421, 79, negative
10, 177, 1770, 17.7, 0.26, 0.693, 1.77, 461, 1226, 261, negative
9, 276, 2484, 30.667, 0.388, 0.846, 2.58, 964, 2102, 373, negative
10, 269, 2690, 26.9, 0.306, 0.496, 5.15, 824, 1335, 160, negative
7, 231, 1617, 33.0, 0.26, 0.64, 1.71, 420, 1035, 246, negative
18, 158, 2844, 8.778, 0.198, 0.418, 2.46, 563, 1190, 229, negative
8, 242, 1936, 30.25, 0.171, 0.409, 1.45, 331, 792, 228, negative
17, 11, 187, 0.647, 0.326, 0.433, 10.17, 61, 81, 6, negative
5, 34, 170, 6.8, 0.141, 0.594, 1.26, 24, 101, 19, negative
5, 177, 885, 35.4, 0.226, 0.498, 1.71, 200, 441, 117, negative
7, 192, 1344, 27.429, 0.136, 0.385, 1.36, 183, 518, 135, negative
8, 242, 1936, 30.25, 0.232, 0.611, 1.72, 450, 1183, 262, negative
8, 210, 1680, 26.25, 0.178, 0.483, 1.44, 299, 811, 208, negative
5, 107, 535, 21.4, 0.247, 0.91, 1.43, 132, 487, 92, negative
17, 34, 578, 2.0, 0.123, 0.156, 17.75, 71, 90, 4, negative
16, 12, 192, 0.75, 0.526, 0.833, 7.21, 101, 160, 14, negative
16, 24, 384, 1.5, 0.393, 0.935, 4.72, 151, 359, 32, negative
4, 95, 380, 23.75, 0.311, 0.979, 1.51, 118, 372, 78, negative
5, 95, 475, 19.0, 0.255, 0.787, 1.73, 121, 374, 70, negative
17, 24, 408, 1.412, 0.407, 0.809, 4.88, 166, 330, 34, negative
10, 330, 3300, 33.0, 0.225, 0.771, 1.44, 744, 2545, 518, negative
6, 97, 582, 16.167, 0.266, 0.72, 1.82, 155, 419, 85, negative
6, 94, 564, 15.667, 0.287, 0.713, 2.45, 162, 402, 66, negative
13, 242, 3146, 18.615, 0.231, 0.614, 2.33, 726, 1932, 312, negative
6, 96, 576, 16.0, 0.198, 0.668, 1.61, 114, 385, 71, negative
10, 303, 3030, 30.3, 0.179, 0.669, 1.32, 543, 2028, 410, negative
6, 96, 576, 16.0, 0.217, 0.797, 1.45, 125, 459, 86, negative
16, 92, 1472, 5.75, 0.245, 0.522, 3.61, 361, 769, 100, negative
160, 286, 45760, 1.788, 0.201, 0.226, 55.42, 9199, 10347, 166, positive
11, 57, 627, 5.182, 0.343, 0.678, 2.95, 215, 425, 73, negative
9, 160, 1440, 17.778, 0.215, 0.8, 1.58, 310, 1152, 196, negative
7, 92, 644, 13.143, 0.292, 0.907, 1.54, 188, 584, 122, negative
10, 1, 10, 0.1, 0.9, 1.0, 9.0, 9, 10, 1, positive
1, 42, 42, 42.0, 0.405, 1.0, 1.06, 17, 42, 16, negative
9, 111, 999, 12.333, 0.209, 0.571, 1.57, 209, 570, 133, negative
7, 12, 84, 1.714, 0.226, 0.607, 2.38, 19, 51, 8, negative
7, 56, 392, 8.0, 0.143, 0.401, 1.56, 56, 157, 36, negative
9, 75, 675, 8.333, 0.194, 0.698, 1.46, 131, 471, 90, negative
8, 20, 160, 2.5, 0.263, 0.613, 2.0, 42, 98, 21, negative
5, 20, 100, 4.0, 0.17, 0.48, 1.55, 17, 48, 11, negative
4, 44, 176, 11.0, 0.267, 0.778, 1.42, 47, 137, 33, negative
1, 77, 77, 77.0, 0.325, 1.0, 1.04, 25, 77, 24, negative
16, 90, 1440, 5.625, 0.197, 0.77, 1.39, 283, 1109, 204, negative
7, 26, 182, 3.714, 0.302, 0.863, 1.9, 55, 157, 29, negative
7, 40, 280, 5.714, 0.25, 0.832, 1.59, 70, 233, 44, negative
7, 17, 119, 2.429, 0.319, 0.933, 1.41, 38, 111, 27, negative
5, 13, 65, 2.6, 0.292, 0.892, 1.46, 19, 58, 13, negative
6, 7, 42, 1.167, 0.714, 0.857, 30.0, 30, 36, 1, negative
13, 390, 5070, 30.0, 0.182, 0.735, 1.56, 924, 3727, 593, negative
1, 17, 17, 17.0, 1.0, 1.0, 17.0, 17, 17, 1, positive
12, 207, 2484, 17.25, 0.2, 0.699, 1.7, 496, 1736, 292, negative
10, 20, 200, 2.0, 0.275, 0.91, 1.9, 55, 182, 29, negative
8, 59, 472, 7.375, 0.186, 0.672, 1.49, 88, 317, 59, negative
7, 41, 287, 5.857, 0.261, 0.885, 1.32, 75, 254, 57, negative
2, 52, 104, 26.0, 0.231, 0.529, 1.5, 24, 55, 16, positive
6, 13, 78, 2.167, 0.231, 0.487, 3.0, 18, 38, 6, negative
9, 134, 1206, 14.889, 0.216, 0.68, 1.65, 260, 820, 158, negative
7, 9, 63, 1.286, 0.349, 0.889, 2.2, 22, 56, 10, negative
1, 288, 288, 288.0, 0.424, 1.0, 1.02, 122, 288, 120, positive
5, 19, 95, 3.8, 0.211, 0.779, 1.33, 20, 74, 15, negative
7, 135, 945, 19.286, 0.202, 0.732, 1.43, 191, 692, 134, negative
7, 123, 861, 17.571, 0.139, 0.674, 1.26, 120, 580, 95, negative
8, 342, 2736, 42.75, 0.163, 0.622, 1.4, 445, 1702, 317, negative
20, 19, 380, 0.95, 0.495, 0.713, 12.53, 188, 271, 15, negative
8, 45, 360, 5.625, 0.492, 0.722, 9.32, 177, 260, 19, negative
9, 10, 90, 1.111, 0.344, 0.533, 3.88, 31, 48, 8, negative
11, 303, 3333, 27.545, 0.151, 0.2, 7.49, 502, 666, 67, negative
2, 21, 42, 10.5, 0.452, 1.0, 6.33, 19, 42, 3, positive
11, 12, 132, 1.091, 0.5, 0.841, 4.13, 66, 111, 16, negative
1, 14, 14, 14.0, 1.0, 1.0, 14.0, 14, 14, 1, positive
1, 70, 70, 70.0, 0.943, 1.0, 22.0, 66, 70, 3, positive
9, 45, 405, 5.0, 0.306, 0.6, 1.68, 124, 243, 74, negative
1, 131, 131, 131.0, 0.977, 1.0, 64.0, 128, 131, 2, positive
11, 168, 1848, 15.273, 0.234, 0.723, 1.55, 432, 1337, 279, negative
