@relation page-blocks0
@attribute Height integer [1, 804]
@attribute Lenght integer [1, 553]
@attribute Area integer [7, 143993]
@attribute Eccen real [0.007, 537.0]
@attribute P_black real [0.052, 1.0]
@attribute P_and real [0.062, 1.0]
@attribute Mean_tr real [1.0, 4955.0]
@attribute Blackpix integer [1, 33017]
@attribute Blackand integer [7, 46133]
@attribute Wb_trans integer [1, 3212]
@attribute Class {positive, negative}
@inputs Height, Lenght, Area, Eccen, P_black, P_and, Mean_tr, Blackpix, Blackand, Wb_trans
@outputs Class
@data
5, 7, 35, 1.4, 0.4, 0.657, 2.33, 14, 23, 6, negative
5, 7, 35, 1.4, 0.486, 0.914, 8.5, 17, 32, 2, negative
9, 50, 450, 5.556, 0.496, 0.958, 2.69, 223, 431, 83, negative
4, 194, 776, 48.5, 0.263, 0.273, 34.0, 204, 212, 6, positive
9, 51, 459, 5.667, 0.296, 0.786, 2.34, 136, 361, 58, negative
9, 34, 306, 3.778, 0.32, 0.886, 1.56, 98, 271, 63, negative
11, 99, 1089, 9.0, 0.23, 0.601, 2.14, 250, 654, 117, negative
10, 4, 40, 0.4, 0.375, 0.4, 15.0, 15, 16, 1, negative
11, 20, 220, 1.818, 0.168, 0.75, 3.36, 37, 165, 11, negative
98, 3, 294, 0.031, 0.48, 0.486, 141.0, 141, 143, 1, positive
9, 75, 675, 8.333, 0.256, 0.606, 2.19, 173, 409, 79, negative
2, 46, 92, 23.0, 0.587, 0.761, 18.0, 54, 70, 3, positive
2, 17, 34, 8.5, 0.588, 0.971, 6.67, 20, 33, 3, positive
7, 17, 119, 2.429, 0.227, 0.58, 2.7, 27, 69, 10, negative
2, 17, 34, 8.5, 0.324, 1.0, 2.75, 11, 34, 4, negative
5, 9, 45, 1.8, 0.267, 0.778, 1.71, 12, 35, 7, negative
9, 66, 594, 7.333, 0.323, 0.805, 2.0, 192, 478, 96, negative
8, 83, 664, 10.375, 0.325, 0.908, 1.76, 216, 603, 123, negative
12, 117, 1404, 9.75, 0.22, 0.673, 1.68, 309, 945, 184, negative
8, 40, 320, 5.0, 0.403, 0.991, 2.53, 129, 317, 51, negative
9, 20, 180, 2.222, 0.261, 0.556, 2.35, 47, 100, 20, negative
8, 41, 328, 5.125, 0.335, 0.933, 2.08, 110, 306, 53, negative
1, 75, 75, 75.0, 0.813, 1.0, 5.55, 61, 75, 11, positive
7, 35, 245, 5.0, 0.453, 0.873, 2.47, 111, 214, 45, negative
6, 46, 276, 7.667, 0.217, 0.804, 2.0, 60, 222, 30, negative
10, 38, 380, 3.8, 0.439, 0.897, 2.83, 167, 341, 59, negative
9, 23, 207, 2.556, 0.304, 1.0, 1.62, 63, 207, 39, negative
9, 81, 729, 9.0, 0.388, 0.897, 2.38, 283, 654, 119, negative
94, 2, 188, 0.021, 0.516, 0.516, 97.0, 97, 97, 1, positive
11, 84, 924, 7.636, 0.251, 0.681, 1.77, 232, 629, 131, negative
9, 37, 333, 4.111, 0.598, 0.946, 3.49, 199, 315, 57, negative
9, 82, 738, 9.111, 0.337, 0.817, 2.01, 249, 603, 124, negative
1, 9, 9, 9.0, 0.778, 1.0, 7.0, 7, 9, 1, positive
93, 4, 372, 0.043, 0.419, 0.565, 2.89, 156, 210, 54, positive
2, 236, 472, 118.0, 0.566, 0.689, 10.27, 267, 325, 26, positive
304, 463, 140752, 1.523, 0.063, 0.121, 3.91, 8898, 17081, 2273, positive
9, 97, 873, 10.778, 0.466, 0.973, 2.42, 407, 849, 168, negative
9, 92, 828, 10.222, 0.365, 0.954, 2.2, 302, 790, 137, negative
9, 93, 837, 10.333, 0.323, 0.888, 2.06, 270, 743, 131, negative
11, 49, 539, 4.455, 0.343, 0.666, 4.3, 185, 359, 43, negative
11, 102, 1122, 9.273, 0.289, 0.829, 1.87, 324, 930, 173, negative
11, 13, 143, 1.182, 0.42, 0.979, 2.22, 60, 140, 27, negative
11, 100, 1100, 9.091, 0.456, 0.882, 3.04, 502, 970, 165, negative
10, 85, 850, 8.5, 0.333, 0.696, 2.28, 283, 592, 124, negative
9, 43, 387, 4.778, 0.509, 0.959, 3.58, 197, 371, 55, negative
9, 44, 396, 4.889, 0.467, 0.944, 3.14, 185, 374, 59, negative
9, 39, 351, 4.333, 0.293, 0.937, 2.06, 103, 329, 50, negative
10, 131, 1310, 13.1, 0.439, 0.845, 2.79, 575, 1107, 206, negative
12, 8, 96, 0.667, 0.479, 0.5, 46.0, 46, 48, 1, negative
12, 101, 1212, 8.417, 0.292, 0.792, 1.99, 354, 960, 178, negative
10, 87, 870, 8.7, 0.344, 0.901, 2.27, 299, 784, 132, negative
12, 146, 1752, 12.167, 0.091, 0.128, 26.67, 160, 225, 6, positive
6, 17, 102, 2.833, 0.314, 0.686, 2.29, 32, 70, 14, negative
9, 98, 882, 10.889, 0.491, 0.974, 2.78, 433, 859, 156, negative
10, 83, 830, 8.3, 0.357, 0.813, 2.28, 296, 675, 130, negative
10, 53, 530, 5.3, 0.343, 0.811, 2.0, 182, 430, 91, negative
9, 99, 891, 11.0, 0.38, 0.93, 1.92, 339, 829, 177, negative
12, 8, 96, 0.667, 0.302, 1.0, 2.9, 29, 96, 10, negative
12, 42, 504, 3.5, 0.355, 0.788, 2.71, 179, 397, 66, negative
9, 76, 684, 8.444, 0.38, 0.95, 2.2, 260, 650, 118, negative
10, 65, 650, 6.5, 0.475, 0.971, 2.76, 309, 631, 112, negative
9, 85, 765, 9.444, 0.395, 0.846, 2.32, 302, 647, 130, negative
1, 7, 7, 7.0, 1.0, 1.0, 7.0, 7, 7, 1, positive
10, 130, 1300, 13.0, 0.486, 0.856, 3.18, 632, 1113, 199, negative
1, 28, 28, 28.0, 0.964, 1.0, 27.0, 27, 28, 1, positive
7, 2, 14, 0.286, 0.5, 0.929, 7.0, 7, 13, 1, negative
10, 8, 80, 0.8, 0.4, 0.7, 4.0, 32, 56, 8, negative
9, 49, 441, 5.444, 0.592, 0.998, 2.97, 261, 440, 88, negative
8, 38, 304, 4.75, 0.349, 0.757, 1.93, 106, 230, 55, negative
8, 26, 208, 3.25, 0.37, 0.947, 1.79, 77, 197, 43, negative
11, 118, 1298, 10.727, 0.29, 0.798, 1.99, 376, 1036, 189, negative
9, 130, 1170, 14.444, 0.448, 0.877, 2.63, 524, 1026, 199, negative
11, 84, 924, 7.636, 0.291, 0.843, 1.74, 269, 779, 155, negative
10, 80, 800, 8.0, 0.279, 0.8, 1.92, 223, 640, 116, negative
9, 27, 243, 3.0, 0.346, 0.975, 1.87, 84, 237, 45, negative
11, 8, 88, 0.727, 0.261, 1.0, 2.09, 23, 88, 11, negative
9, 9, 81, 1.0, 0.383, 0.802, 2.38, 31, 65, 13, negative
7, 6, 42, 0.857, 0.5, 0.548, 21.0, 21, 23, 1, negative
10, 64, 640, 6.4, 0.477, 0.914, 2.8, 305, 585, 109, negative
10, 101, 1010, 10.1, 0.45, 0.869, 2.95, 455, 878, 154, negative
9, 43, 387, 4.778, 0.47, 0.948, 3.31, 182, 367, 55, negative
9, 42, 378, 4.667, 0.381, 0.931, 2.48, 144, 352, 58, negative
5, 16, 80, 3.2, 0.313, 0.813, 2.08, 25, 65, 12, negative
1, 29, 29, 29.0, 1.0, 1.0, 29.0, 29, 29, 1, positive
9, 86, 774, 9.556, 0.337, 0.757, 2.19, 261, 586, 119, negative
9, 36, 324, 4.0, 0.352, 0.806, 1.75, 114, 261, 65, negative
9, 63, 567, 7.0, 0.284, 0.908, 1.96, 161, 515, 82, negative
8, 33, 264, 4.125, 0.39, 0.973, 1.72, 103, 257, 60, negative
8, 18, 144, 2.25, 0.472, 1.0, 2.52, 68, 144, 27, negative
8, 21, 168, 2.625, 0.363, 0.774, 1.69, 61, 130, 36, negative
9, 99, 891, 11.0, 0.484, 0.951, 2.52, 431, 847, 171, negative
38, 70, 2660, 1.842, 0.059, 0.062, 19.63, 157, 165, 8, positive
9, 1, 9, 0.111, 1.0, 1.0, 9.0, 9, 9, 1, positive
7, 43, 301, 6.143, 0.243, 0.807, 3.48, 73, 243, 21, negative
36, 172, 6192, 4.778, 0.128, 0.337, 4.84, 793, 2086, 164, positive
37, 72, 2664, 1.946, 0.12, 0.257, 7.64, 321, 685, 42, positive
8, 64, 512, 8.0, 0.336, 0.846, 2.12, 172, 433, 81, negative
12, 307, 3684, 25.583, 0.29, 0.771, 2.41, 1068, 2842, 444, negative
10, 34, 340, 3.4, 0.426, 0.656, 3.02, 145, 223, 48, negative
38, 410, 15580, 10.789, 0.254, 0.604, 2.4, 3957, 9403, 1651, negative
9, 117, 1053, 13.0, 0.419, 0.947, 2.48, 441, 997, 178, negative
13, 115, 1495, 8.846, 0.314, 0.695, 2.62, 469, 1039, 179, negative
8, 46, 368, 5.75, 0.266, 0.886, 1.85, 98, 326, 53, negative
7, 28, 196, 4.0, 0.337, 0.99, 2.13, 66, 194, 31, negative
14, 217, 3038, 15.5, 0.268, 0.632, 2.12, 813, 1919, 383, negative
10, 107, 1070, 10.7, 0.273, 0.738, 1.81, 292, 790, 161, negative
6, 43, 258, 7.167, 0.337, 0.969, 1.67, 87, 250, 52, negative
14, 418, 5852, 29.857, 0.261, 0.619, 2.16, 1525, 3625, 707, negative
9, 119, 1071, 13.222, 0.422, 0.965, 2.34, 452, 1033, 193, negative
5, 115, 575, 23.0, 0.417, 0.92, 2.03, 240, 529, 118, negative
10, 76, 760, 7.6, 0.474, 0.799, 3.03, 360, 607, 119, negative
9, 62, 558, 6.889, 0.348, 0.869, 2.23, 194, 485, 87, negative
31, 71, 2201, 2.29, 0.159, 0.296, 10.29, 350, 651, 34, positive
9, 108, 972, 12.0, 0.449, 0.868, 2.55, 436, 844, 171, negative
8, 183, 1464, 22.875, 0.288, 0.664, 2.08, 421, 972, 202, negative
8, 74, 592, 9.25, 0.456, 0.887, 2.48, 270, 525, 109, negative
12, 176, 2112, 14.667, 0.302, 0.599, 2.61, 637, 1265, 244, negative
3, 259, 777, 86.333, 0.411, 0.481, 13.29, 319, 374, 24, positive
10, 54, 540, 5.4, 0.378, 0.622, 3.14, 204, 336, 65, negative
12, 497, 5964, 41.417, 0.269, 0.594, 2.44, 1605, 3544, 658, negative
10, 61, 610, 6.1, 0.487, 0.834, 3.13, 297, 509, 95, negative
12, 500, 6000, 41.667, 0.264, 0.595, 2.45, 1584, 3568, 646, negative
12, 497, 5964, 41.417, 0.297, 0.733, 2.25, 1773, 4374, 789, negative
5, 39, 195, 7.8, 0.328, 0.744, 2.06, 64, 145, 31, negative
7, 183, 1281, 26.143, 0.265, 0.664, 1.88, 340, 850, 181, negative
6, 50, 300, 8.333, 0.327, 0.777, 2.0, 98, 233, 49, negative
9, 42, 378, 4.667, 0.45, 0.905, 2.79, 170, 342, 61, negative
10, 249, 2490, 24.9, 0.462, 0.842, 3.53, 1151, 2097, 326, negative
11, 101, 1111, 9.182, 0.33, 0.734, 2.68, 367, 815, 137, negative
8, 185, 1480, 23.125, 0.265, 0.611, 1.97, 392, 905, 199, negative
9, 35, 315, 3.889, 0.397, 0.832, 1.92, 125, 262, 65, negative
12, 414, 4968, 34.5, 0.313, 0.734, 2.3, 1554, 3646, 675, negative
10, 51, 510, 5.1, 0.41, 0.667, 3.12, 209, 340, 67, negative
12, 105, 1260, 8.75, 0.37, 0.717, 2.91, 466, 903, 160, negative
17, 60, 1020, 3.529, 0.139, 0.371, 7.1, 142, 378, 20, positive
10, 33, 330, 3.3, 0.282, 0.839, 1.82, 93, 277, 51, negative
10, 1, 10, 0.1, 1.0, 1.0, 10.0, 10, 10, 1, positive
18, 79, 1422, 4.389, 0.257, 0.616, 3.17, 365, 876, 115, negative
7, 55, 385, 7.857, 0.374, 0.821, 2.09, 144, 316, 69, negative
7, 26, 182, 3.714, 0.33, 0.786, 2.07, 60, 143, 29, negative
9, 271, 2439, 30.111, 0.292, 0.727, 1.9, 712, 1774, 374, negative
10, 272, 2720, 27.2, 0.187, 0.649, 1.38, 508, 1765, 368, negative
8, 9, 72, 1.125, 0.125, 0.319, 4.5, 9, 23, 2, positive
10, 100, 1000, 10.0, 0.212, 0.702, 1.45, 212, 702, 146, negative
10, 271, 2710, 27.1, 0.173, 0.557, 1.47, 469, 1510, 318, negative
8, 37, 296, 4.625, 0.182, 0.649, 1.35, 54, 192, 40, negative
11, 271, 2981, 24.636, 0.176, 0.671, 1.39, 525, 2001, 378, negative
10, 271, 2710, 27.1, 0.193, 0.693, 1.37, 522, 1878, 380, negative
7, 17, 119, 2.429, 0.328, 0.731, 1.44, 39, 87, 27, negative
7, 21, 147, 3.0, 0.313, 0.966, 1.48, 46, 142, 31, negative
11, 103, 1133, 9.364, 0.156, 0.576, 1.44, 177, 653, 123, negative
2, 7, 14, 3.5, 0.5, 0.929, 3.5, 7, 13, 2, negative
5, 12, 60, 2.4, 0.383, 0.883, 1.92, 23, 53, 12, negative
6, 129, 774, 21.5, 0.195, 0.565, 1.35, 151, 437, 112, negative
7, 14, 98, 2.0, 0.255, 0.735, 1.56, 25, 72, 16, negative
7, 8, 56, 1.143, 0.357, 1.0, 2.86, 20, 56, 7, negative
6, 12, 72, 2.0, 0.319, 0.653, 2.09, 23, 47, 11, negative
1, 106, 106, 106.0, 0.858, 1.0, 15.17, 91, 106, 6, positive
7, 41, 287, 5.857, 0.22, 0.756, 1.47, 63, 217, 43, negative
6, 40, 240, 6.667, 0.221, 0.983, 1.26, 53, 236, 42, negative
4, 12, 48, 3.0, 0.292, 1.0, 1.4, 14, 48, 10, negative
6, 24, 144, 4.0, 0.257, 0.771, 1.42, 37, 111, 26, negative
7, 14, 98, 2.0, 0.327, 1.0, 1.6, 32, 98, 20, negative
8, 38, 304, 4.75, 0.25, 0.73, 1.38, 76, 222, 55, negative
7, 11, 77, 1.571, 0.312, 0.844, 1.5, 24, 65, 16, negative
6, 22, 132, 3.667, 0.326, 1.0, 1.3, 43, 132, 33, negative
7, 23, 161, 3.286, 0.248, 0.944, 1.21, 40, 152, 33, negative
6, 17, 102, 2.833, 0.275, 0.824, 1.33, 28, 84, 21, negative
8, 23, 184, 2.875, 0.31, 0.88, 1.84, 57, 162, 31, negative
9, 41, 369, 4.556, 0.244, 0.661, 1.32, 90, 244, 68, negative
7, 13, 91, 1.857, 0.374, 0.978, 1.79, 34, 89, 19, negative
7, 14, 98, 2.0, 0.337, 0.786, 1.38, 33, 77, 24, negative
9, 21, 189, 2.333, 0.206, 0.778, 1.22, 39, 147, 32, negative
6, 18, 108, 3.0, 0.306, 0.787, 1.32, 33, 85, 25, negative
9, 29, 261, 3.222, 0.234, 0.889, 1.39, 61, 232, 44, negative
7, 18, 126, 2.571, 0.27, 0.825, 1.31, 34, 104, 26, negative
7, 44, 308, 6.286, 0.218, 0.734, 1.26, 67, 226, 53, negative
9, 30, 270, 3.333, 0.27, 0.796, 1.4, 73, 215, 52, negative
7, 13, 91, 1.857, 0.308, 0.934, 1.65, 28, 85, 17, negative
7, 14, 98, 2.0, 0.357, 0.969, 1.52, 35, 95, 23, negative
7, 23, 161, 3.286, 0.286, 0.677, 1.59, 46, 109, 29, negative
7, 54, 378, 7.714, 0.235, 0.799, 1.53, 89, 302, 58, negative
7, 8, 56, 1.143, 0.268, 0.679, 1.15, 15, 38, 13, negative
6, 11, 66, 1.833, 0.364, 0.955, 1.33, 24, 63, 18, negative
8, 20, 160, 2.5, 0.206, 0.813, 1.38, 33, 130, 24, negative
6, 16, 96, 2.667, 0.198, 0.76, 2.38, 19, 73, 8, negative
7, 16, 112, 2.286, 0.286, 0.705, 1.88, 32, 79, 17, negative
7, 21, 147, 3.0, 0.327, 0.912, 1.71, 48, 134, 28, negative
7, 8, 56, 1.143, 0.268, 0.768, 1.07, 15, 43, 14, negative
7, 22, 154, 3.143, 0.247, 0.714, 1.23, 38, 110, 31, negative
7, 6, 42, 0.857, 0.381, 1.0, 2.29, 16, 42, 7, negative
7, 32, 224, 4.571, 0.308, 0.777, 1.25, 69, 174, 55, negative
7, 36, 252, 5.143, 0.302, 0.873, 1.36, 76, 220, 56, negative
7, 24, 168, 3.429, 0.28, 0.607, 1.38, 47, 102, 34, negative
6, 19, 114, 3.167, 0.307, 0.904, 1.59, 35, 103, 22, negative
7, 33, 231, 4.714, 0.351, 0.987, 1.53, 81, 228, 53, negative
6, 10, 60, 1.667, 0.4, 0.967, 1.5, 24, 58, 16, negative
8, 19, 152, 2.375, 0.178, 0.724, 1.5, 27, 110, 18, negative
7, 19, 133, 2.714, 0.278, 0.662, 1.37, 37, 88, 27, negative
10, 11, 110, 1.1, 0.2, 0.545, 2.2, 22, 60, 10, negative
7, 47, 329, 6.714, 0.286, 0.717, 1.4, 94, 236, 67, negative
7, 11, 77, 1.571, 0.299, 0.649, 1.77, 23, 50, 13, negative
7, 51, 357, 7.286, 0.283, 0.91, 1.35, 101, 325, 75, negative
6, 26, 156, 4.333, 0.288, 0.679, 1.41, 45, 106, 32, negative
6, 12, 72, 2.0, 0.361, 0.903, 1.44, 26, 65, 18, negative
9, 65, 585, 7.222, 0.265, 0.73, 1.67, 155, 427, 93, negative
6, 38, 228, 6.333, 0.377, 0.833, 1.51, 86, 190, 57, negative
9, 52, 468, 5.778, 0.306, 0.718, 1.66, 143, 336, 86, negative
5, 8, 40, 1.6, 0.55, 0.95, 1.83, 22, 38, 12, negative
7, 33, 231, 4.714, 0.364, 0.753, 1.68, 84, 174, 50, negative
9, 157, 1413, 17.444, 0.222, 0.54, 1.58, 313, 763, 198, negative
6, 18, 108, 3.0, 0.315, 1.0, 1.62, 34, 108, 21, negative
5, 7, 35, 1.4, 0.4, 0.943, 1.75, 14, 33, 8, negative
7, 11, 77, 1.571, 0.377, 1.0, 1.53, 29, 77, 19, negative
7, 25, 175, 3.571, 0.371, 1.0, 1.63, 65, 175, 40, negative
9, 17, 153, 1.889, 0.307, 0.987, 1.38, 47, 151, 34, negative
7, 18, 126, 2.571, 0.254, 0.841, 1.39, 32, 106, 23, negative
7, 23, 161, 3.286, 0.323, 0.839, 1.68, 52, 135, 31, negative
7, 14, 98, 2.0, 0.367, 0.786, 1.57, 36, 77, 23, negative
6, 58, 348, 9.667, 0.276, 0.744, 1.17, 96, 259, 82, negative
7, 10, 70, 1.429, 0.286, 0.7, 1.25, 20, 49, 16, negative
9, 202, 1818, 22.444, 0.087, 0.254, 1.3, 158, 462, 122, negative
7, 7, 49, 1.0, 0.306, 0.592, 2.14, 15, 29, 7, negative
5, 4, 20, 0.8, 0.45, 0.75, 2.25, 9, 15, 4, negative
8, 398, 3184, 49.75, 0.279, 0.664, 1.7, 887, 2113, 521, negative
8, 20, 160, 2.5, 0.375, 0.725, 1.88, 60, 116, 32, negative
7, 9, 63, 1.286, 0.429, 0.683, 2.45, 27, 43, 11, negative
11, 25, 275, 2.273, 0.276, 0.629, 1.9, 76, 173, 40, negative
8, 10, 80, 1.25, 0.35, 1.0, 2.0, 28, 80, 14, negative
9, 35, 315, 3.889, 0.362, 0.825, 1.97, 114, 260, 58, negative
16, 21, 336, 1.313, 0.095, 0.515, 1.6, 32, 173, 20, positive
8, 9, 72, 1.125, 0.458, 1.0, 3.0, 33, 72, 11, negative
8, 16, 128, 2.0, 0.477, 0.875, 2.44, 61, 112, 25, negative
55, 48, 2640, 0.873, 0.142, 0.364, 4.26, 375, 960, 88, positive
10, 23, 230, 2.3, 0.361, 0.774, 2.44, 83, 178, 34, negative
27, 4, 108, 0.148, 0.333, 0.667, 2.57, 36, 72, 14, positive
9, 27, 243, 3.0, 0.333, 0.918, 1.69, 81, 223, 48, negative
11, 34, 374, 3.091, 0.324, 0.872, 2.47, 121, 326, 49, negative
9, 39, 351, 4.333, 0.368, 0.729, 2.58, 129, 256, 50, negative
21, 4, 84, 0.19, 0.31, 0.643, 3.71, 26, 54, 7, positive
2, 9, 18, 4.5, 0.556, 0.556, 10.0, 10, 10, 1, positive
9, 16, 144, 1.778, 0.375, 1.0, 2.08, 54, 144, 26, negative
8, 24, 192, 3.0, 0.339, 0.917, 1.81, 65, 176, 36, negative
8, 9, 72, 1.125, 0.431, 0.958, 2.07, 31, 69, 15, negative
6, 27, 162, 4.5, 0.475, 0.809, 2.33, 77, 131, 33, negative
8, 12, 96, 1.5, 0.427, 0.958, 1.86, 41, 92, 22, negative
11, 30, 330, 2.727, 0.297, 0.6, 2.39, 98, 198, 41, negative
9, 38, 342, 4.222, 0.371, 0.874, 1.87, 127, 299, 68, negative
10, 36, 360, 3.6, 0.367, 0.844, 2.24, 132, 304, 59, negative
4, 19, 76, 4.75, 0.276, 0.382, 5.25, 21, 29, 4, positive
1, 19, 19, 19.0, 0.737, 1.0, 4.67, 14, 19, 3, positive
8, 21, 168, 2.625, 0.357, 0.911, 1.67, 60, 153, 36, negative
10, 11, 110, 1.1, 0.273, 0.927, 1.58, 30, 102, 19, negative
6, 4, 24, 0.667, 0.667, 1.0, 8.0, 16, 24, 2, negative
8, 25, 200, 3.125, 0.37, 0.73, 2.06, 74, 146, 36, negative
8, 49, 392, 6.125, 0.441, 0.997, 1.9, 173, 391, 91, negative
8, 50, 400, 6.25, 0.428, 0.74, 2.31, 171, 296, 74, negative
8, 51, 408, 6.375, 0.37, 0.743, 2.19, 151, 303, 69, negative
11, 271, 2981, 24.636, 0.278, 0.728, 1.99, 829, 2171, 417, negative
11, 240, 2640, 21.818, 0.27, 0.634, 2.05, 714, 1674, 348, negative
8, 17, 136, 2.125, 0.346, 1.0, 2.47, 47, 136, 19, negative
10, 25, 250, 2.5, 0.392, 0.808, 2.51, 98, 202, 39, negative
11, 32, 352, 2.909, 0.332, 0.815, 1.86, 117, 287, 63, negative
9, 16, 144, 1.778, 0.326, 0.792, 1.74, 47, 114, 27, negative
11, 245, 2695, 22.273, 0.252, 0.829, 1.86, 678, 2235, 365, negative
8, 21, 168, 2.625, 0.411, 0.786, 2.23, 69, 132, 31, negative
8, 7, 56, 0.875, 0.446, 0.768, 3.13, 25, 43, 8, negative
6, 9, 54, 1.5, 0.556, 1.0, 2.14, 30, 54, 14, negative
11, 24, 264, 2.182, 0.307, 0.795, 2.08, 81, 210, 39, negative
10, 30, 300, 3.0, 0.367, 0.783, 2.29, 110, 235, 48, negative
10, 32, 320, 3.2, 0.338, 0.816, 1.83, 108, 261, 59, negative
9, 34, 306, 3.778, 0.356, 0.925, 2.06, 109, 283, 53, negative
7, 15, 105, 2.143, 0.448, 0.829, 1.74, 47, 87, 27, negative
11, 15, 165, 1.364, 0.352, 0.891, 2.07, 58, 147, 28, negative
10, 41, 410, 4.1, 0.312, 0.734, 1.94, 128, 301, 66, negative
8, 8, 64, 1.0, 0.438, 1.0, 2.33, 28, 64, 12, negative
5, 9, 45, 1.8, 0.533, 0.911, 2.0, 24, 41, 12, negative
8, 10, 80, 1.25, 0.4, 1.0, 1.88, 32, 80, 17, negative
10, 23, 230, 2.3, 0.248, 0.678, 2.19, 57, 156, 26, negative
8, 37, 296, 4.625, 0.375, 0.922, 1.61, 111, 273, 69, negative
8, 13, 104, 1.625, 0.413, 1.0, 1.95, 43, 104, 22, negative
8, 26, 208, 3.25, 0.409, 0.933, 2.18, 85, 194, 39, negative
10, 52, 520, 5.2, 0.306, 0.688, 1.96, 159, 358, 81, negative
6, 39, 234, 6.5, 0.393, 0.927, 1.77, 92, 217, 52, negative
8, 57, 456, 7.125, 0.309, 0.838, 1.81, 141, 382, 78, negative
10, 16, 160, 1.6, 0.375, 0.769, 2.14, 60, 123, 28, negative
9, 101, 909, 11.222, 0.256, 0.688, 1.71, 233, 625, 136, negative
8, 64, 512, 8.0, 0.385, 0.912, 1.93, 197, 467, 102, negative
10, 61, 610, 6.1, 0.29, 0.657, 2.16, 177, 401, 82, negative
8, 5, 40, 0.625, 0.35, 0.6, 3.5, 14, 24, 4, negative
8, 24, 192, 3.0, 0.417, 0.953, 1.9, 80, 183, 42, negative
5, 2, 10, 0.4, 0.7, 0.7, 7.0, 7, 7, 1, negative
10, 150, 1500, 15.0, 0.252, 0.585, 2.07, 378, 878, 183, negative
7, 15, 105, 2.143, 0.438, 0.895, 2.3, 46, 94, 20, negative
6, 17, 102, 2.833, 0.451, 0.745, 2.56, 46, 76, 18, negative
10, 23, 230, 2.3, 0.27, 0.648, 2.0, 62, 149, 31, negative
2, 14, 28, 7.0, 0.464, 0.536, 13.0, 13, 15, 1, positive
6, 14, 84, 2.333, 0.512, 1.0, 3.07, 43, 84, 14, negative
7, 35, 245, 5.0, 0.445, 0.771, 2.48, 109, 189, 44, negative
8, 16, 128, 2.0, 0.422, 0.852, 1.8, 54, 109, 30, negative
10, 16, 160, 1.6, 0.444, 1.0, 2.22, 71, 160, 32, negative
10, 15, 150, 1.5, 0.3, 1.0, 1.88, 45, 150, 24, negative
10, 51, 510, 5.1, 0.337, 0.773, 2.12, 172, 394, 81, negative
10, 79, 790, 7.9, 0.244, 0.742, 1.79, 193, 586, 108, negative
5, 5, 25, 1.0, 0.52, 1.0, 2.17, 13, 25, 6, negative
8, 19, 152, 2.375, 0.454, 1.0, 2.16, 69, 152, 32, negative
11, 262, 2882, 23.818, 0.259, 0.788, 1.94, 747, 2271, 386, negative
8, 12, 96, 1.5, 0.385, 0.896, 1.68, 37, 86, 22, negative
8, 12, 96, 1.5, 0.396, 0.969, 1.81, 38, 93, 21, negative
10, 23, 230, 2.3, 0.287, 0.617, 2.2, 66, 142, 30, negative
7, 27, 189, 3.857, 0.402, 0.746, 1.81, 76, 141, 42, negative
10, 46, 460, 4.6, 0.317, 0.683, 1.85, 146, 314, 79, negative
8, 49, 392, 6.125, 0.413, 0.76, 1.93, 162, 298, 84, negative
11, 261, 2871, 23.727, 0.243, 0.524, 1.93, 698, 1505, 361, negative
8, 37, 296, 4.625, 0.334, 0.831, 1.87, 99, 246, 53, negative
10, 30, 300, 3.0, 0.363, 0.71, 2.42, 109, 213, 45, negative
8, 53, 424, 6.625, 0.347, 0.767, 1.93, 147, 325, 76, negative
9, 52, 468, 5.778, 0.286, 0.652, 1.84, 134, 305, 73, negative
8, 9, 72, 1.125, 0.361, 0.792, 2.17, 26, 57, 12, negative
8, 12, 96, 1.5, 0.479, 1.0, 2.19, 46, 96, 21, negative
11, 261, 2871, 23.727, 0.251, 0.661, 2.0, 722, 1898, 361, negative
10, 262, 2620, 26.2, 0.281, 0.691, 1.89, 736, 1811, 390, negative
8, 12, 96, 1.5, 0.427, 0.906, 2.16, 41, 87, 19, negative
10, 9, 90, 0.9, 0.3, 0.778, 2.25, 27, 70, 12, negative
10, 34, 340, 3.4, 0.279, 0.8, 1.86, 95, 272, 51, negative
8, 17, 136, 2.125, 0.382, 0.86, 2.48, 52, 117, 21, negative
10, 39, 390, 3.9, 0.308, 0.721, 1.69, 120, 281, 71, negative
6, 4, 24, 0.667, 0.583, 0.792, 3.5, 14, 19, 4, negative
7, 38, 266, 5.429, 0.353, 0.902, 2.04, 94, 240, 46, negative
6, 7, 42, 1.167, 0.476, 0.976, 2.22, 20, 41, 9, negative
6, 23, 138, 3.833, 0.377, 0.862, 2.36, 52, 119, 22, negative
10, 52, 520, 5.2, 0.294, 0.675, 2.13, 153, 351, 72, negative
8, 33, 264, 4.125, 0.436, 0.886, 1.89, 115, 234, 61, negative
8, 50, 400, 6.25, 0.36, 0.728, 1.97, 144, 291, 73, negative
7, 9, 63, 1.286, 0.365, 0.698, 1.64, 23, 44, 14, negative
7, 41, 287, 5.857, 0.422, 1.0, 1.73, 121, 287, 70, negative
8, 6, 48, 0.75, 0.417, 0.917, 2.22, 20, 44, 9, negative
9, 56, 504, 6.222, 0.327, 0.688, 1.94, 165, 347, 85, negative
10, 40, 400, 4.0, 0.295, 0.683, 2.07, 118, 273, 57, negative
8, 21, 168, 2.625, 0.417, 0.958, 1.94, 70, 161, 36, negative
10, 23, 230, 2.3, 0.343, 0.791, 1.88, 79, 182, 42, negative
8, 31, 248, 3.875, 0.347, 0.734, 1.79, 86, 182, 48, negative
7, 31, 217, 4.429, 0.461, 0.922, 2.13, 100, 200, 47, negative
8, 46, 368, 5.75, 0.356, 0.957, 1.79, 131, 352, 73, negative
10, 25, 250, 2.5, 0.332, 0.772, 1.89, 83, 193, 44, negative
10, 48, 480, 4.8, 0.3, 0.556, 2.15, 144, 267, 67, negative
8, 16, 128, 2.0, 0.383, 0.781, 1.69, 49, 100, 29, negative
15, 67, 1005, 4.467, 0.293, 0.607, 3.59, 294, 610, 82, negative
9, 103, 927, 11.444, 0.369, 0.877, 2.55, 342, 813, 134, negative
9, 123, 1107, 13.667, 0.346, 0.74, 2.21, 383, 819, 173, negative
7, 11, 77, 1.571, 0.234, 0.545, 2.57, 18, 42, 7, negative
8, 233, 1864, 29.125, 0.262, 0.838, 1.58, 488, 1562, 309, negative
9, 304, 2736, 33.778, 0.202, 0.749, 1.32, 554, 2049, 419, negative
7, 51, 357, 7.286, 0.207, 0.969, 1.14, 74, 346, 65, negative
8, 280, 2240, 35.0, 0.191, 0.709, 1.28, 427, 1589, 333, negative
7, 80, 560, 11.429, 0.102, 0.468, 1.39, 57, 262, 41, negative
6, 13, 78, 2.167, 0.282, 0.808, 1.57, 22, 63, 14, negative
9, 331, 2979, 36.778, 0.126, 0.527, 1.21, 374, 1570, 308, negative
9, 532, 4788, 59.111, 0.154, 0.642, 1.29, 736, 3073, 572, negative
9, 510, 4590, 56.667, 0.137, 0.636, 1.24, 629, 2918, 506, negative
13, 57, 741, 4.385, 0.745, 1.0, 11.5, 552, 741, 48, negative
13, 38, 494, 2.923, 0.33, 0.98, 3.88, 163, 484, 42, negative
5, 98, 490, 19.6, 0.341, 0.639, 2.14, 167, 313, 78, negative
25, 291, 7275, 11.64, 0.456, 0.934, 7.29, 3315, 6796, 455, negative
8, 73, 584, 9.125, 0.433, 0.875, 2.75, 253, 511, 92, negative
8, 102, 816, 12.75, 0.403, 0.929, 2.7, 329, 758, 122, negative
8, 123, 984, 15.375, 0.402, 0.75, 2.71, 396, 738, 146, negative
7, 197, 1379, 28.143, 0.072, 0.326, 1.5, 99, 450, 66, negative
14, 298, 4172, 21.286, 0.207, 0.71, 3.49, 862, 2962, 247, negative
8, 214, 1712, 26.75, 0.421, 0.807, 2.9, 720, 1382, 248, negative
3, 470, 1410, 156.67, 0.352, 0.387, 23.62, 496, 545, 21, positive
6, 62, 372, 10.333, 0.234, 0.852, 1.36, 87, 317, 64, negative
1, 263, 263, 263.0, 0.152, 1.0, 1.03, 40, 263, 39, negative
1, 200, 200, 200.0, 0.13, 1.0, 1.04, 26, 200, 25, negative
7, 147, 1029, 21.0, 0.215, 0.956, 1.28, 221, 984, 173, negative
8, 152, 1216, 19.0, 0.199, 0.677, 1.27, 242, 823, 191, negative
2, 63, 126, 31.5, 0.341, 0.508, 10.75, 43, 64, 4, positive
9, 505, 4545, 56.111, 0.189, 0.626, 1.32, 861, 2847, 654, negative
2, 475, 950, 237.5, 0.504, 0.544, 95.8, 479, 517, 5, positive
6, 75, 450, 12.5, 0.356, 0.973, 1.47, 160, 438, 109, negative
9, 169, 1521, 18.778, 0.333, 0.726, 2.3, 507, 1104, 220, negative
7, 262, 1834, 37.429, 0.152, 0.684, 1.28, 279, 1254, 218, negative
7, 175, 1225, 25.0, 0.186, 0.906, 1.21, 228, 1110, 188, negative
7, 59, 413, 8.429, 0.15, 0.576, 1.38, 62, 238, 45, negative
1, 123, 123, 123.0, 0.163, 1.0, 1.05, 20, 123, 19, negative
5, 75, 375, 15.0, 0.269, 0.979, 1.22, 101, 367, 83, negative
1, 89, 89, 89.0, 0.169, 1.0, 1.07, 15, 89, 14, negative
7, 141, 987, 20.143, 0.16, 0.757, 1.17, 158, 747, 135, negative
8, 63, 504, 7.875, 0.321, 0.954, 1.82, 162, 481, 89, negative
8, 187, 1496, 23.375, 0.155, 0.747, 1.38, 232, 1118, 168, negative
8, 15, 120, 1.875, 0.267, 0.767, 2.29, 32, 92, 14, negative
10, 474, 4740, 47.4, 0.187, 0.578, 1.51, 886, 2740, 585, negative
7, 14, 98, 2.0, 0.316, 0.776, 2.21, 31, 76, 14, negative
8, 38, 304, 4.75, 0.128, 0.444, 1.86, 39, 135, 21, negative
3, 538, 1614, 179.33, 0.37, 0.424, 22.11, 597, 685, 27, positive
7, 100, 700, 14.286, 0.279, 0.98, 1.63, 195, 686, 120, negative
9, 535, 4815, 59.444, 0.192, 0.658, 1.42, 926, 3167, 654, negative
10, 506, 5060, 50.6, 0.15, 0.589, 1.34, 758, 2980, 564, negative
9, 510, 4590, 56.667, 0.161, 0.595, 1.31, 740, 2732, 566, negative
7, 245, 1715, 35.0, 0.143, 0.608, 1.41, 246, 1042, 175, negative
30, 61, 1830, 2.033, 0.157, 0.483, 1.88, 288, 884, 153, positive
8, 100, 800, 12.5, 0.245, 0.863, 1.58, 196, 690, 124, negative
9, 124, 1116, 13.778, 0.367, 0.705, 2.85, 410, 787, 144, negative
6, 32, 192, 5.333, 0.286, 0.76, 1.41, 55, 146, 39, negative
9, 120, 1080, 13.333, 0.176, 0.752, 1.29, 190, 812, 147, negative
6, 13, 78, 2.167, 0.346, 0.846, 2.7, 27, 66, 10, negative
6, 13, 78, 2.167, 0.359, 1.0, 1.87, 28, 78, 15, negative
8, 273, 2184, 34.125, 0.215, 0.808, 1.27, 469, 1764, 369, negative
5, 13, 65, 2.6, 0.262, 0.769, 2.43, 17, 50, 7, negative
8, 64, 512, 8.0, 0.252, 0.865, 1.63, 129, 443, 79, negative
9, 457, 4113, 50.778, 0.173, 0.63, 1.28, 712, 2590, 555, negative
7, 168, 1176, 24.0, 0.081, 0.369, 1.14, 95, 434, 83, negative
6, 68, 408, 11.333, 0.172, 0.931, 1.25, 70, 380, 56, negative
7, 40, 280, 5.714, 0.232, 0.707, 1.38, 65, 198, 47, negative
1, 118, 118, 118.0, 0.186, 1.0, 1.05, 22, 118, 21, negative
7, 75, 525, 10.714, 0.661, 0.907, 5.51, 347, 476, 63, negative
14, 12, 168, 0.857, 0.661, 0.851, 9.25, 111, 143, 12, negative
10, 27, 270, 2.7, 0.63, 0.833, 6.07, 170, 225, 28, negative
12, 84, 1008, 7.0, 0.42, 0.565, 4.75, 423, 570, 89, negative
9, 36, 324, 4.0, 0.654, 0.92, 6.42, 212, 298, 33, negative
11, 123, 1353, 11.182, 0.48, 0.656, 5.74, 649, 887, 113, negative
12, 71, 852, 5.917, 0.481, 0.757, 5.86, 410, 645, 70, negative
11, 17, 187, 1.545, 0.321, 0.652, 4.29, 60, 122, 14, negative
34, 1, 34, 0.029, 1.0, 1.0, 34.0, 34, 34, 1, positive
13, 6, 78, 0.462, 0.436, 0.449, 34.0, 34, 35, 1, negative
10, 50, 500, 5.0, 0.602, 0.746, 5.57, 301, 373, 54, negative
13, 67, 871, 5.154, 0.441, 0.83, 5.19, 384, 723, 74, negative
2, 16, 32, 8.0, 0.25, 0.531, 2.67, 8, 17, 3, positive
1, 15, 15, 15.0, 0.733, 1.0, 3.67, 11, 15, 3, positive
1, 18, 18, 18.0, 0.5, 1.0, 3.0, 9, 18, 3, positive
11, 80, 880, 7.273, 0.492, 0.882, 4.98, 433, 776, 87, negative
10, 143, 1430, 14.3, 0.355, 0.775, 2.33, 508, 1108, 218, negative
24, 336, 8064, 14.0, 0.898, 0.958, 15.91, 7238, 7729, 455, negative
1, 52, 52, 52.0, 0.962, 1.0, 25.0, 50, 52, 2, positive
1, 34, 34, 34.0, 0.353, 1.0, 1.71, 12, 34, 7, positive
11, 184, 2024, 16.727, 0.455, 0.76, 4.72, 920, 1539, 195, negative
14, 359, 5026, 25.643, 0.368, 0.615, 4.56, 1848, 3093, 405, negative
10, 17, 170, 1.7, 0.506, 0.771, 7.82, 86, 131, 11, negative
3, 3, 9, 1.0, 0.889, 0.889, 8.0, 8, 8, 1, negative
11, 246, 2706, 22.364, 0.349, 0.765, 2.85, 944, 2071, 331, negative
10, 280, 2800, 28.0, 0.356, 0.77, 2.63, 998, 2157, 380, negative
13, 349, 4537, 26.846, 0.38, 0.668, 4.36, 1724, 3029, 395, negative
10, 159, 1590, 15.9, 0.355, 0.719, 3.07, 564, 1144, 184, negative
31, 1, 31, 0.032, 1.0, 1.0, 31.0, 31, 31, 1, positive
10, 252, 2520, 25.2, 0.377, 0.775, 2.88, 950, 1953, 330, negative
1, 30, 30, 30.0, 0.4, 1.0, 2.4, 12, 30, 5, positive
1, 94, 94, 94.0, 0.564, 1.0, 3.31, 53, 94, 16, positive
128, 347, 44416, 2.711, 0.399, 0.567, 13.07, 17721, 25163, 1356, positive
12, 71, 852, 5.917, 0.628, 0.872, 6.77, 535, 743, 79, negative
12, 1, 12, 0.083, 1.0, 1.0, 12.0, 12, 12, 1, positive
11, 183, 2013, 16.636, 0.465, 0.841, 4.53, 937, 1693, 207, negative
10, 240, 2400, 24.0, 0.383, 0.821, 2.75, 919, 1971, 334, negative
10, 19, 190, 1.9, 0.621, 0.858, 8.43, 118, 163, 14, negative
10, 19, 190, 1.9, 0.611, 0.9, 8.29, 116, 171, 14, negative
9, 20, 180, 2.222, 0.628, 0.856, 8.07, 113, 154, 14, negative
25, 261, 6525, 10.44, 0.887, 0.945, 17.75, 5785, 6164, 326, negative
13, 369, 4797, 28.385, 0.397, 0.662, 4.79, 1906, 3176, 398, negative
28, 333, 9324, 11.893, 0.351, 0.65, 4.55, 3270, 6057, 718, negative
14, 254, 3556, 18.143, 0.377, 0.569, 4.72, 1341, 2022, 284, negative
11, 70, 770, 6.364, 0.381, 0.639, 3.53, 293, 492, 83, negative
12, 20, 240, 1.667, 0.546, 0.838, 8.19, 131, 201, 16, negative
12, 71, 852, 5.917, 0.608, 0.863, 6.4, 518, 735, 81, negative
11, 56, 616, 5.091, 0.386, 0.7, 3.09, 238, 431, 77, negative
17, 96, 1632, 5.647, 0.366, 0.675, 5.15, 597, 1101, 116, negative
11, 71, 781, 6.455, 0.666, 0.937, 6.19, 520, 732, 84, negative
12, 69, 828, 5.75, 0.332, 0.626, 2.81, 275, 518, 98, negative
11, 22, 242, 2.0, 0.579, 0.806, 7.78, 140, 195, 18, negative
11, 81, 891, 7.364, 0.339, 0.695, 2.77, 302, 619, 109, negative
9, 155, 1395, 17.222, 0.376, 0.722, 2.53, 524, 1007, 207, negative
12, 72, 864, 6.0, 0.638, 0.918, 6.12, 551, 793, 90, negative
11, 236, 2596, 21.455, 0.354, 0.803, 2.91, 920, 2084, 316, negative
3, 4, 12, 1.333, 0.917, 0.917, 11.0, 11, 11, 1, negative
11, 94, 1034, 8.545, 0.38, 0.677, 3.12, 393, 700, 126, negative
6, 57, 342, 9.5, 0.453, 0.906, 2.46, 155, 310, 63, negative
8, 104, 832, 13.0, 0.575, 0.87, 3.71, 478, 724, 129, negative
9, 268, 2412, 29.778, 0.465, 0.694, 6.3, 1122, 1675, 178, negative
8, 13, 104, 1.625, 0.635, 0.788, 8.25, 66, 82, 8, negative
8, 170, 1360, 21.25, 0.277, 0.89, 1.6, 377, 1210, 236, negative
7, 80, 560, 11.429, 0.361, 0.961, 1.63, 202, 538, 124, negative
8, 12, 96, 1.5, 0.583, 0.813, 6.22, 56, 78, 9, negative
8, 162, 1296, 20.25, 0.204, 0.412, 3.12, 265, 534, 85, negative
8, 163, 1304, 20.375, 0.383, 0.982, 2.79, 500, 1280, 179, negative
8, 131, 1048, 16.375, 0.246, 0.796, 1.46, 258, 834, 177, negative
5, 70, 350, 14.0, 0.18, 0.417, 1.4, 63, 146, 45, negative
17, 24, 408, 1.412, 0.426, 0.792, 4.46, 174, 323, 39, negative
10, 141, 1410, 14.1, 0.236, 0.645, 2.25, 333, 910, 148, negative
5, 69, 345, 13.8, 0.249, 0.632, 1.51, 86, 218, 57, negative
9, 150, 1350, 16.667, 0.237, 0.579, 1.75, 320, 782, 183, negative
197, 198, 39006, 1.005, 0.273, 0.332, 46.93, 10654, 12964, 227, positive
13, 323, 4199, 24.846, 0.256, 0.557, 2.4, 1076, 2340, 449, negative
9, 184, 1656, 20.444, 0.214, 0.798, 1.46, 354, 1322, 242, negative
5, 93, 465, 18.6, 0.351, 1.0, 1.66, 163, 465, 98, negative
1, 18, 18, 18.0, 0.389, 1.0, 3.5, 7, 18, 2, negative
10, 293, 2930, 29.3, 0.207, 0.596, 1.53, 606, 1746, 397, negative
5, 96, 480, 19.2, 0.342, 0.738, 2.13, 164, 354, 77, negative
13, 239, 3107, 18.385, 0.239, 0.615, 2.16, 742, 1912, 343, negative
8, 298, 2384, 37.25, 0.242, 0.791, 1.5, 576, 1886, 383, negative
10, 319, 3190, 31.9, 0.239, 0.674, 1.67, 764, 2149, 458, negative
6, 95, 570, 15.833, 0.256, 0.768, 1.78, 146, 438, 82, negative
6, 96, 576, 16.0, 0.234, 0.668, 2.01, 135, 385, 67, negative
12, 91, 1092, 7.583, 0.281, 0.59, 2.46, 307, 644, 125, negative
6, 96, 576, 16.0, 0.318, 0.575, 3.0, 183, 331, 61, negative
32, 1, 32, 0.031, 1.0, 1.0, 32.0, 32, 32, 1, positive
7, 59, 413, 8.429, 0.462, 1.0, 2.33, 191, 413, 82, negative
1, 40, 40, 40.0, 0.4, 1.0, 1.07, 16, 40, 15, negative
1, 35, 35, 35.0, 0.429, 1.0, 1.07, 15, 35, 14, negative
6, 7, 42, 1.167, 0.333, 0.952, 1.4, 14, 40, 10, negative
1, 33, 33, 33.0, 0.364, 1.0, 1.09, 12, 33, 11, negative
7, 76, 532, 10.857, 0.301, 0.859, 1.38, 160, 457, 116, negative
6, 31, 186, 5.167, 0.199, 0.565, 1.85, 37, 105, 20, negative
5, 12, 60, 2.4, 0.2, 0.467, 1.71, 12, 28, 7, negative
9, 49, 441, 5.444, 0.252, 0.739, 1.61, 111, 326, 69, negative
7, 118, 826, 16.857, 0.386, 0.869, 2.26, 319, 718, 141, negative
8, 17, 136, 2.125, 0.228, 0.86, 1.48, 31, 117, 21, negative
8, 54, 432, 6.75, 0.188, 0.78, 1.53, 81, 337, 53, negative
6, 7, 42, 1.167, 0.452, 1.0, 2.38, 19, 42, 8, negative
8, 180, 1440, 22.5, 0.213, 0.794, 1.39, 306, 1143, 220, negative
5, 42, 210, 8.4, 0.257, 0.838, 1.46, 54, 176, 37, negative
5, 11, 55, 2.2, 0.309, 0.836, 1.7, 17, 46, 10, negative
9, 46, 414, 5.111, 0.297, 0.833, 1.66, 123, 345, 74, negative
6, 8, 48, 1.333, 0.417, 1.0, 2.86, 20, 48, 7, negative
11, 552, 6072, 50.182, 0.816, 0.816, 4955.0, 4955, 4955, 1, positive
36, 186, 6696, 5.167, 0.318, 0.654, 7.28, 2126, 4382, 292, negative
14, 18, 252, 1.286, 0.298, 0.655, 5.0, 75, 165, 15, negative
1, 184, 184, 184.0, 0.967, 1.0, 44.5, 178, 184, 4, positive
14, 412, 5768, 29.429, 0.179, 0.671, 1.59, 1032, 3869, 651, negative
11, 357, 3927, 32.455, 0.215, 0.823, 1.55, 845, 3232, 546, negative
5, 5, 25, 1.0, 0.72, 0.72, 18.0, 18, 18, 1, negative
1, 34, 34, 34.0, 0.471, 1.0, 1.07, 16, 34, 15, positive
6, 96, 576, 16.0, 0.238, 0.778, 1.38, 137, 448, 99, negative
9, 299, 2691, 33.222, 0.226, 0.705, 1.58, 607, 1896, 385, negative
8, 319, 2552, 39.875, 0.174, 0.692, 1.26, 445, 1765, 353, negative
11, 48, 528, 4.364, 0.237, 0.39, 7.35, 125, 206, 17, positive
7, 75, 525, 10.714, 0.156, 0.758, 1.28, 82, 398, 64, negative
7, 85, 595, 12.143, 0.192, 0.869, 1.3, 114, 517, 88, negative
6, 19, 114, 3.167, 0.184, 0.781, 1.24, 21, 89, 17, negative
5, 63, 315, 12.6, 0.21, 0.914, 1.47, 66, 288, 45, negative
7, 42, 294, 6.0, 0.143, 0.714, 1.27, 42, 210, 33, negative
8, 32, 256, 4.0, 0.402, 0.496, 34.33, 103, 127, 3, negative
9, 29, 261, 3.222, 0.31, 0.686, 2.13, 81, 179, 38, negative
10, 31, 310, 3.1, 0.281, 0.606, 1.98, 87, 188, 44, negative
18, 342, 6156, 19.0, 0.847, 0.897, 43.48, 5217, 5522, 120, positive
14, 84, 1176, 6.0, 0.261, 0.623, 2.31, 307, 733, 133, negative
11, 137, 1507, 12.455, 0.317, 0.652, 2.7, 478, 982, 177, negative
38, 127, 4826, 3.342, 0.464, 0.87, 3.41, 2238, 4199, 657, negative
11, 147, 1617, 13.364, 0.257, 0.761, 1.58, 416, 1230, 264, negative
1, 87, 87, 87.0, 0.92, 1.0, 16.0, 80, 87, 5, positive
