@relation page-blocks0
@attribute Height integer [1, 804]
@attribute Lenght integer [1, 553]
@attribute Area integer [7, 143993]
@attribute Eccen real [0.007, 537.0]
@attribute P_black real [0.052, 1.0]
@attribute P_and real [0.062, 1.0]
@attribute Mean_tr real [1.0, 4955.0]
@attribute Blackpix integer [1, 33017]
@attribute Blackand integer [7, 46133]
@attribute Wb_trans integer [1, 3212]
@attribute Class {positive, negative}
@inputs Height, Lenght, Area, Eccen, P_black, P_and, Mean_tr, Blackpix, Blackand, Wb_trans
@outputs Class
@data
6, 18, 108, 3.0, 0.287, 0.741, 4.43, 31, 80, 7, negative
6, 3, 18, 500.0, 0.5, 0.944, 2.25, 9, 17, 4, negative
5, 7, 35, 1.4, 0.429, 0.886, 2.5, 15, 31, 6, negative
11, 35, 385, 3.182, 0.382, 0.657, 6.13, 147, 253, 24, negative
3, 113, 339, 37.667, 0.41, 0.472, 13.9, 139, 160, 10, positive
10, 38, 380, 3.8, 0.426, 0.947, 3.12, 162, 360, 52, negative
2, 22, 44, 11.0, 0.75, 0.75, 33.0, 33, 33, 1, positive
9, 92, 828, 10.222, 0.292, 0.843, 2.05, 242, 698, 118, negative
9, 54, 486, 6.0, 0.292, 0.957, 1.48, 142, 465, 96, negative
12, 7, 84, 0.583, 0.214, 0.583, 3.6, 18, 49, 5, negative
2, 20, 40, 10.0, 0.775, 0.85, 31.0, 31, 34, 1, positive
13, 10, 130, 0.769, 0.3, 0.808, 6.5, 39, 105, 6, negative
11, 86, 946, 7.818, 0.413, 0.853, 3.1, 391, 807, 126, negative
9, 21, 189, 2.333, 0.291, 0.762, 1.57, 55, 144, 35, negative
8, 8, 64, 1.0, 0.234, 0.328, 5.0, 15, 21, 3, negative
9, 40, 360, 4.444, 0.319, 0.919, 2.35, 115, 331, 49, negative
3, 132, 396, 44.0, 0.505, 0.558, 20.0, 200, 221, 10, positive
1, 17, 17, 17.0, 0.765, 1.0, 3.25, 13, 17, 4, positive
10, 152, 1520, 15.2, 0.297, 0.778, 2.17, 452, 1182, 208, negative
11, 8, 88, 0.727, 0.443, 0.466, 39.0, 39, 41, 1, negative
10, 38, 380, 3.8, 0.387, 0.887, 2.49, 147, 337, 59, negative
9, 19, 171, 2.111, 0.292, 0.76, 2.63, 50, 130, 19, negative
8, 26, 208, 3.25, 0.375, 0.947, 1.77, 78, 197, 44, negative
8, 31, 248, 3.875, 0.327, 0.79, 1.84, 81, 196, 44, negative
5, 3, 15, 0.6, 0.467, 1.0, 7.0, 7, 15, 1, negative
3, 31, 93, 10.333, 0.226, 0.774, 2.1, 21, 72, 10, negative
10, 21, 210, 2.1, 0.324, 0.6, 3.4, 68, 126, 20, negative
1, 13, 13, 13.0, 0.692, 1.0, 4.5, 9, 13, 2, positive
9, 32, 288, 3.556, 0.292, 0.826, 1.53, 84, 238, 55, negative
8, 53, 424, 6.625, 0.37, 0.901, 1.76, 157, 382, 89, negative
10, 100, 1000, 10.0, 0.449, 0.874, 2.82, 449, 874, 159, negative
9, 44, 396, 4.889, 0.465, 0.944, 3.35, 184, 374, 55, negative
9, 45, 405, 5.0, 0.442, 0.956, 3.31, 179, 387, 54, negative
1, 61, 61, 61.0, 1.0, 1.0, 61.0, 61, 61, 1, positive
9, 174, 1566, 19.333, 0.178, 0.737, 1.71, 279, 1154, 163, negative
9, 80, 720, 8.889, 0.338, 0.954, 2.04, 243, 687, 119, negative
1, 49, 49, 49.0, 0.286, 1.0, 7.0, 14, 49, 2, negative
1, 52, 52, 52.0, 0.981, 1.0, 51.0, 51, 52, 1, positive
9, 34, 306, 3.778, 0.288, 0.641, 2.1, 88, 196, 42, negative
9, 47, 423, 5.222, 0.333, 0.757, 2.39, 141, 320, 59, negative
9, 47, 423, 5.222, 0.31, 0.78, 2.34, 131, 330, 56, negative
2, 64, 128, 32.0, 0.531, 0.586, 17.0, 68, 75, 4, positive
7, 17, 119, 2.429, 0.412, 0.933, 2.72, 49, 111, 18, negative
10, 34, 340, 3.4, 0.421, 0.906, 2.01, 143, 308, 71, negative
12, 83, 996, 6.917, 0.301, 0.814, 1.99, 300, 811, 151, negative
9, 47, 423, 5.222, 0.492, 0.948, 2.42, 208, 401, 86, negative
11, 86, 946, 7.818, 0.332, 0.808, 2.2, 314, 764, 143, negative
17, 2, 34, 0.118, 0.706, 0.706, 24.0, 24, 24, 1, positive
10, 18, 180, 1.8, 0.511, 0.872, 2.97, 92, 157, 31, negative
1, 17, 17, 17.0, 0.412, 1.0, 1.75, 7, 17, 4, positive
11, 61, 671, 5.545, 0.361, 0.614, 5.04, 242, 412, 48, negative
9, 23, 207, 2.556, 0.3, 1.0, 1.51, 62, 207, 41, negative
9, 37, 333, 4.111, 0.39, 0.811, 2.03, 130, 270, 64, negative
9, 34, 306, 3.778, 0.412, 0.902, 1.91, 126, 276, 66, negative
10, 79, 790, 7.9, 0.347, 0.784, 2.25, 274, 619, 122, negative
12, 98, 1176, 8.167, 0.267, 0.627, 2.33, 314, 737, 135, negative
9, 82, 738, 9.111, 0.374, 0.866, 2.3, 276, 639, 120, negative
10, 34, 340, 3.4, 0.388, 0.891, 2.1, 132, 303, 63, negative
10, 42, 420, 4.2, 0.317, 0.85, 2.22, 133, 357, 60, negative
24, 340, 8160, 14.167, 0.211, 0.468, 2.67, 1718, 3822, 643, negative
7, 42, 294, 6.0, 0.293, 0.857, 2.61, 86, 252, 33, negative
11, 8, 88, 0.727, 0.727, 0.989, 10.67, 64, 87, 6, negative
1, 14, 14, 14.0, 0.571, 1.0, 2.0, 8, 14, 4, positive
9, 38, 342, 4.222, 0.444, 0.898, 2.71, 152, 307, 56, negative
11, 98, 1078, 8.909, 0.397, 0.778, 2.61, 428, 839, 164, negative
21, 106, 2226, 5.048, 0.136, 0.396, 1.99, 302, 881, 152, negative
8, 24, 192, 3.0, 0.297, 0.974, 1.43, 57, 187, 40, negative
8, 17, 136, 2.125, 0.309, 0.676, 2.33, 42, 92, 18, negative
9, 82, 738, 9.111, 0.32, 0.947, 2.13, 236, 699, 111, negative
9, 46, 414, 5.111, 0.365, 0.848, 2.01, 151, 351, 75, negative
12, 43, 516, 3.583, 0.328, 0.789, 2.56, 169, 407, 66, negative
8, 21, 168, 2.625, 0.381, 0.845, 1.88, 64, 142, 34, negative
9, 99, 891, 11.0, 0.461, 0.906, 2.65, 411, 807, 155, negative
8, 48, 384, 6.0, 0.328, 0.885, 2.0, 126, 340, 63, negative
8, 42, 336, 5.25, 0.39, 0.94, 2.43, 131, 316, 54, negative
1, 17, 17, 17.0, 0.824, 1.0, 4.67, 14, 17, 3, positive
8, 18, 144, 2.25, 0.215, 0.813, 2.38, 31, 117, 13, negative
7, 121, 847, 17.286, 0.305, 0.675, 1.79, 258, 572, 144, negative
9, 97, 873, 10.778, 0.455, 0.939, 2.28, 397, 820, 174, negative
9, 23, 207, 2.556, 0.324, 0.986, 1.63, 67, 204, 41, negative
8, 18, 144, 2.25, 0.472, 1.0, 2.52, 68, 144, 27, negative
10, 125, 1250, 12.5, 0.456, 0.862, 2.92, 570, 1078, 195, negative
12, 117, 1404, 9.75, 0.231, 0.712, 1.68, 324, 1000, 193, negative
1, 46, 46, 46.0, 0.239, 1.0, 1.38, 11, 46, 8, positive
9, 122, 1098, 13.556, 0.378, 0.961, 2.73, 415, 1055, 152, negative
69, 3, 207, 0.043, 0.643, 0.952, 2.08, 133, 197, 64, positive
3, 183, 549, 61.0, 0.488, 0.577, 29.78, 268, 317, 9, positive
11, 67, 737, 6.091, 0.269, 0.689, 2.96, 198, 508, 67, negative
12, 8, 96, 0.667, 0.438, 0.51, 42.0, 42, 49, 1, negative
9, 12, 108, 1.333, 0.444, 1.0, 1.85, 48, 108, 26, negative
9, 95, 855, 10.556, 0.284, 0.849, 1.91, 243, 726, 127, negative
9, 32, 288, 3.556, 0.413, 0.993, 1.72, 119, 286, 69, negative
9, 36, 324, 4.0, 0.565, 0.944, 3.16, 183, 306, 58, negative
10, 101, 1010, 10.1, 0.442, 0.855, 2.92, 446, 864, 153, negative
9, 123, 1107, 13.667, 0.359, 0.898, 2.78, 397, 994, 143, negative
8, 14, 112, 1.75, 0.321, 0.938, 1.71, 36, 105, 21, negative
6, 2, 12, 0.333, 0.667, 1.0, 8.0, 8, 12, 1, negative
10, 8, 80, 0.8, 0.6, 1.0, 6.0, 48, 80, 8, negative
10, 8, 80, 0.8, 0.575, 0.888, 9.2, 46, 71, 5, negative
10, 97, 970, 9.7, 0.425, 0.825, 2.71, 412, 800, 152, negative
9, 12, 108, 1.333, 0.426, 1.0, 1.64, 46, 108, 28, negative
9, 86, 774, 9.556, 0.3, 0.677, 2.13, 232, 524, 109, negative
8, 43, 344, 5.375, 0.494, 0.953, 3.4, 170, 328, 50, negative
8, 42, 336, 5.25, 0.423, 0.979, 2.37, 142, 329, 60, negative
11, 89, 979, 8.091, 0.17, 0.706, 2.72, 166, 691, 61, negative
10, 33, 330, 3.3, 0.394, 0.645, 3.25, 130, 213, 40, negative
14, 44, 616, 3.143, 0.398, 0.766, 2.5, 245, 472, 98, negative
13, 408, 5304, 31.385, 0.281, 0.677, 2.58, 1492, 3591, 579, negative
12, 66, 792, 5.5, 0.402, 0.78, 3.03, 318, 618, 105, negative
18, 168, 3024, 9.333, 0.187, 0.73, 2.34, 564, 2207, 241, negative
12, 58, 696, 4.833, 0.343, 0.803, 3.85, 239, 559, 62, negative
22, 71, 1562, 3.227, 0.487, 0.834, 10.13, 760, 1302, 75, negative
12, 84, 1008, 7.0, 0.331, 0.792, 2.35, 334, 798, 142, negative
9, 71, 639, 7.889, 0.39, 0.768, 2.44, 249, 491, 102, negative
10, 77, 770, 7.7, 0.469, 0.905, 2.64, 361, 697, 137, negative
6, 44, 264, 7.333, 0.447, 0.811, 2.11, 118, 214, 56, negative
9, 40, 360, 4.444, 0.506, 0.964, 3.08, 182, 347, 59, negative
26, 412, 10712, 15.846, 0.32, 0.664, 3.0, 3424, 7118, 1142, negative
13, 152, 1976, 11.692, 0.312, 0.714, 2.8, 617, 1410, 220, negative
12, 142, 1704, 11.833, 0.337, 0.759, 3.04, 575, 1293, 189, negative
12, 67, 804, 5.583, 0.403, 0.704, 3.68, 324, 566, 88, negative
7, 189, 1323, 27.0, 0.339, 0.704, 1.89, 449, 932, 237, negative
8, 70, 560, 8.75, 0.388, 0.841, 2.21, 217, 471, 98, negative
9, 106, 954, 11.778, 0.309, 0.791, 1.97, 295, 755, 150, negative
9, 13, 117, 1.444, 0.53, 0.88, 3.26, 62, 103, 19, negative
12, 497, 5964, 41.417, 0.278, 0.751, 2.27, 1657, 4478, 731, negative
6, 184, 1104, 30.667, 0.323, 0.752, 1.99, 357, 830, 179, negative
7, 46, 322, 6.571, 0.298, 0.994, 2.18, 96, 320, 44, negative
5, 28, 140, 5.6, 0.329, 0.871, 1.77, 46, 122, 26, negative
10, 35, 350, 3.5, 0.331, 0.686, 1.93, 116, 240, 60, negative
8, 40, 320, 5.0, 0.463, 0.969, 2.47, 148, 310, 60, negative
9, 33, 297, 3.667, 0.33, 0.845, 1.81, 98, 251, 54, negative
9, 40, 360, 4.444, 0.494, 0.925, 2.92, 178, 333, 61, negative
10, 174, 1740, 17.4, 0.278, 0.733, 2.02, 483, 1276, 239, negative
8, 28, 224, 3.5, 0.308, 0.835, 3.14, 69, 187, 22, negative
8, 70, 560, 8.75, 0.464, 0.988, 2.36, 260, 553, 110, negative
8, 132, 1056, 16.5, 0.36, 0.921, 2.1, 380, 973, 181, negative
18, 64, 1152, 3.556, 0.261, 0.705, 3.24, 301, 812, 93, negative
9, 23, 207, 2.556, 0.169, 0.319, 2.92, 35, 66, 12, negative
9, 68, 612, 7.556, 0.335, 0.789, 2.33, 205, 483, 88, negative
7, 12, 84, 1.714, 0.476, 0.762, 2.86, 40, 64, 14, negative
5, 3, 15, 0.6, 0.467, 0.6, 3.5, 7, 9, 2, positive
8, 29, 232, 3.625, 0.384, 0.884, 2.07, 89, 205, 43, negative
8, 21, 168, 2.625, 0.28, 0.923, 1.38, 47, 155, 34, negative
16, 30, 480, 1.875, 0.133, 0.471, 2.29, 64, 226, 28, positive
6, 9, 54, 1.5, 0.148, 0.296, 4.0, 8, 16, 2, positive
7, 47, 329, 6.714, 0.158, 0.289, 5.78, 52, 95, 9, positive
6, 9, 54, 1.5, 0.352, 0.87, 1.58, 19, 47, 12, negative
8, 31, 248, 3.875, 0.298, 0.871, 1.45, 74, 216, 51, negative
8, 272, 2176, 34.0, 0.197, 0.629, 1.38, 428, 1369, 310, negative
8, 108, 864, 13.5, 0.235, 0.618, 1.41, 203, 534, 144, negative
8, 65, 520, 8.125, 0.269, 0.725, 1.4, 140, 377, 100, negative
7, 48, 336, 6.857, 0.292, 0.804, 1.53, 98, 270, 64, negative
8, 88, 704, 11.0, 0.195, 0.756, 1.49, 137, 532, 92, negative
7, 18, 126, 2.571, 0.31, 0.96, 1.39, 39, 121, 28, negative
5, 7, 35, 1.4, 0.4, 0.657, 2.33, 14, 23, 6, negative
1, 41, 41, 41.0, 0.927, 1.0, 12.67, 38, 41, 3, positive
7, 37, 259, 5.286, 0.243, 0.71, 1.34, 63, 184, 47, negative
6, 7, 42, 1.167, 0.405, 0.833, 1.89, 17, 35, 9, negative
6, 13, 78, 2.167, 0.295, 0.872, 1.44, 23, 68, 16, negative
9, 23, 207, 2.556, 0.246, 0.57, 1.82, 51, 118, 28, negative
10, 12, 120, 1.2, 0.142, 0.317, 2.83, 17, 38, 6, negative
7, 8, 56, 1.143, 0.375, 0.964, 1.62, 21, 54, 13, negative
5, 3, 15, 0.6, 0.6, 1.0, 4.5, 9, 15, 2, negative
7, 19, 133, 2.714, 0.406, 1.0, 1.69, 54, 133, 32, negative
7, 14, 98, 2.0, 0.296, 0.898, 1.61, 29, 88, 18, negative
9, 220, 1980, 24.444, 0.23, 0.758, 1.44, 456, 1501, 316, negative
10, 151, 1510, 15.1, 0.193, 0.77, 1.48, 291, 1162, 197, negative
7, 21, 147, 3.0, 0.34, 0.85, 1.35, 50, 125, 37, negative
7, 35, 245, 5.0, 0.31, 1.0, 1.55, 76, 245, 49, negative
7, 13, 91, 1.857, 0.297, 0.835, 1.69, 27, 76, 16, negative
7, 9, 63, 1.286, 0.317, 0.81, 1.54, 20, 51, 13, negative
7, 5, 35, 0.714, 0.257, 0.571, 2.25, 9, 20, 4, negative
9, 54, 486, 6.0, 0.27, 0.852, 1.49, 131, 414, 88, negative
8, 4, 32, 0.5, 0.375, 1.0, 2.4, 12, 32, 5, negative
7, 4, 28, 0.571, 0.25, 0.857, 2.33, 7, 24, 3, negative
6, 19, 114, 3.167, 0.36, 0.711, 1.58, 41, 81, 26, negative
6, 49, 294, 8.167, 0.286, 0.694, 1.38, 84, 204, 61, negative
7, 18, 126, 2.571, 0.365, 0.968, 2.0, 46, 122, 23, negative
9, 48, 432, 5.333, 0.273, 0.685, 1.42, 118, 296, 83, negative
7, 46, 322, 6.571, 0.304, 0.745, 1.53, 98, 240, 64, negative
7, 13, 91, 1.857, 0.363, 0.934, 2.2, 33, 85, 15, negative
9, 23, 207, 2.556, 0.222, 0.816, 1.35, 46, 169, 34, negative
7, 9, 63, 1.286, 0.349, 0.746, 1.83, 22, 47, 12, negative
7, 13, 91, 1.857, 0.33, 0.835, 1.43, 30, 76, 21, negative
10, 13, 130, 1.3, 0.231, 0.8, 1.76, 30, 104, 17, negative
8, 10, 80, 1.25, 0.238, 0.925, 1.73, 19, 74, 11, negative
5, 18, 90, 3.6, 0.467, 0.867, 1.91, 42, 78, 22, negative
7, 8, 56, 1.143, 0.357, 0.786, 1.54, 20, 44, 13, negative
6, 28, 168, 4.667, 0.369, 0.78, 1.77, 62, 131, 35, negative
9, 29, 261, 3.222, 0.287, 0.747, 1.53, 75, 195, 49, negative
7, 33, 231, 4.714, 0.368, 0.896, 1.57, 85, 207, 54, negative
10, 33, 330, 3.3, 0.182, 0.564, 1.4, 60, 186, 43, negative
6, 11, 66, 1.833, 0.348, 1.0, 1.53, 23, 66, 15, negative
6, 10, 60, 1.667, 0.317, 0.85, 1.19, 19, 51, 16, negative
7, 4, 28, 0.571, 0.25, 0.893, 1.75, 7, 25, 4, negative
7, 22, 154, 3.143, 0.325, 0.805, 1.32, 50, 124, 38, negative
7, 21, 147, 3.0, 0.388, 0.912, 1.84, 57, 134, 31, negative
9, 43, 387, 4.778, 0.274, 0.605, 1.68, 106, 234, 63, negative
4, 20, 80, 5.0, 0.388, 0.925, 1.41, 31, 74, 22, negative
4, 22, 88, 5.5, 0.432, 0.977, 1.46, 38, 86, 26, negative
8, 19, 152, 2.375, 0.184, 0.849, 1.47, 28, 129, 19, negative
7, 11, 77, 1.571, 0.39, 0.766, 1.76, 30, 59, 17, negative
7, 74, 518, 10.571, 0.276, 0.683, 1.57, 143, 354, 91, negative
7, 24, 168, 3.429, 0.196, 0.762, 1.38, 33, 128, 24, negative
6, 11, 66, 1.833, 0.333, 0.97, 1.57, 22, 64, 14, negative
7, 9, 63, 1.286, 0.349, 0.746, 1.69, 22, 47, 13, negative
9, 28, 252, 3.111, 0.258, 0.607, 1.51, 65, 153, 43, negative
6, 13, 78, 2.167, 0.359, 0.782, 1.33, 28, 61, 21, negative
7, 43, 301, 6.143, 0.319, 0.801, 1.41, 96, 241, 68, negative
7, 19, 133, 2.714, 0.338, 0.827, 1.67, 45, 110, 27, negative
5, 28, 140, 5.6, 0.321, 0.95, 1.45, 45, 133, 31, negative
6, 13, 78, 2.167, 0.359, 0.885, 1.65, 28, 69, 17, negative
7, 11, 77, 1.571, 0.364, 0.948, 1.47, 28, 73, 19, negative
5, 4, 20, 0.8, 0.45, 0.8, 3.0, 9, 16, 3, negative
7, 35, 245, 5.0, 0.269, 0.939, 1.32, 66, 230, 50, negative
5, 4, 20, 0.8, 0.6, 1.0, 2.4, 12, 20, 5, negative
7, 13, 91, 1.857, 0.374, 0.901, 1.7, 34, 82, 20, negative
7, 38, 266, 5.429, 0.252, 0.628, 1.4, 67, 167, 48, negative
7, 54, 378, 7.714, 0.286, 0.878, 1.4, 108, 332, 77, negative
6, 68, 408, 11.333, 0.257, 0.672, 1.15, 105, 274, 91, negative
6, 23, 138, 3.833, 0.283, 0.891, 1.11, 39, 123, 35, negative
5, 11, 55, 2.2, 0.436, 0.891, 1.71, 24, 49, 14, negative
8, 19, 152, 2.375, 0.309, 0.98, 1.52, 47, 149, 31, negative
7, 11, 77, 1.571, 0.221, 0.922, 1.21, 17, 71, 14, negative
7, 29, 203, 4.143, 0.281, 0.783, 1.33, 57, 159, 43, negative
5, 7, 35, 1.4, 0.543, 1.0, 2.11, 19, 35, 9, negative
8, 6, 48, 0.75, 0.458, 0.833, 2.75, 22, 40, 8, negative
16, 4, 64, 0.25, 0.156, 0.531, 5.0, 10, 34, 2, positive
8, 16, 128, 2.0, 0.383, 0.867, 1.96, 49, 111, 25, negative
36, 48, 1728, 1.333, 0.143, 0.437, 3.58, 247, 755, 69, positive
19, 47, 893, 2.474, 0.078, 0.112, 3.89, 70, 100, 18, positive
7, 46, 322, 6.571, 0.177, 0.304, 8.14, 57, 98, 7, positive
11, 46, 506, 4.182, 0.283, 0.84, 1.81, 143, 425, 79, negative
21, 13, 273, 0.619, 0.168, 0.308, 2.3, 46, 84, 20, negative
19, 13, 247, 0.684, 0.215, 0.551, 1.51, 53, 136, 35, negative
5, 4, 20, 0.8, 0.45, 0.65, 4.5, 9, 13, 2, positive
8, 19, 152, 2.375, 0.355, 0.868, 1.74, 54, 132, 31, negative
8, 6, 48, 0.75, 0.375, 0.792, 3.0, 18, 38, 6, negative
10, 33, 330, 3.3, 0.318, 0.758, 2.33, 105, 250, 45, negative
9, 56, 504, 6.222, 0.339, 0.931, 2.22, 171, 469, 77, negative
9, 9, 81, 1.0, 0.346, 0.877, 2.8, 28, 71, 10, negative
8, 56, 448, 7.0, 0.424, 0.942, 2.09, 190, 422, 91, negative
8, 28, 224, 3.5, 0.411, 0.996, 1.92, 92, 223, 48, negative
6, 31, 186, 5.167, 0.5, 1.0, 1.94, 93, 186, 48, negative
9, 25, 225, 2.778, 0.32, 0.707, 2.25, 72, 159, 32, negative
9, 37, 333, 4.111, 0.333, 0.655, 2.22, 111, 218, 50, negative
8, 7, 56, 0.875, 0.375, 1.0, 2.63, 21, 56, 8, negative
8, 10, 80, 1.25, 0.388, 0.913, 2.21, 31, 73, 14, negative
7, 26, 182, 3.714, 0.445, 0.978, 2.25, 81, 178, 36, negative
9, 17, 153, 1.889, 0.451, 0.941, 2.46, 69, 144, 28, negative
8, 27, 216, 3.375, 0.435, 0.963, 2.14, 94, 208, 44, negative
10, 34, 340, 3.4, 0.356, 0.744, 1.98, 121, 253, 61, negative
8, 14, 112, 1.75, 0.446, 0.973, 2.27, 50, 109, 22, negative
8, 8, 64, 1.0, 0.516, 1.0, 2.36, 33, 64, 14, negative
8, 26, 208, 3.25, 0.389, 1.0, 2.31, 81, 208, 35, negative
8, 16, 128, 2.0, 0.438, 0.891, 2.67, 56, 114, 21, negative
10, 26, 260, 2.6, 0.296, 0.942, 2.2, 77, 245, 35, negative
8, 21, 168, 2.625, 0.357, 0.964, 2.07, 60, 162, 29, negative
10, 50, 500, 5.0, 0.326, 0.868, 2.01, 163, 434, 81, negative
10, 52, 520, 5.2, 0.319, 0.802, 1.87, 166, 417, 89, negative
8, 26, 208, 3.25, 0.399, 0.976, 1.93, 83, 203, 43, negative
10, 69, 690, 6.9, 0.277, 0.68, 1.85, 191, 469, 103, negative
9, 41, 369, 4.556, 0.374, 0.881, 2.26, 138, 325, 61, negative
12, 261, 3132, 21.75, 0.223, 0.578, 1.92, 698, 1810, 364, negative
8, 31, 248, 3.875, 0.371, 0.782, 2.0, 92, 194, 46, negative
8, 28, 224, 3.5, 0.406, 0.777, 2.07, 91, 174, 44, negative
8, 14, 112, 1.75, 0.375, 0.839, 2.1, 42, 94, 20, negative
8, 28, 224, 3.5, 0.46, 0.79, 2.58, 103, 177, 40, negative
8, 43, 344, 5.375, 0.343, 0.977, 1.71, 118, 336, 69, negative
11, 33, 363, 3.0, 0.278, 0.73, 2.1, 101, 265, 48, negative
12, 261, 3132, 21.75, 0.207, 0.564, 1.81, 649, 1768, 358, negative
9, 28, 252, 3.111, 0.317, 0.976, 1.95, 80, 246, 41, negative
10, 7, 70, 0.7, 0.357, 0.871, 2.08, 25, 61, 12, negative
8, 19, 152, 2.375, 0.388, 0.664, 2.19, 59, 101, 27, negative
6, 17, 102, 2.833, 0.137, 0.627, 2.8, 14, 64, 5, positive
10, 12, 120, 1.2, 0.35, 0.867, 2.33, 42, 104, 18, negative
7, 19, 133, 2.714, 0.398, 0.88, 1.83, 53, 117, 29, negative
11, 53, 583, 4.818, 0.249, 0.734, 1.93, 145, 428, 75, negative
10, 13, 130, 1.3, 0.285, 0.885, 1.61, 37, 115, 23, negative
11, 54, 594, 4.909, 0.273, 0.781, 2.19, 162, 464, 74, negative
10, 51, 510, 5.1, 0.28, 0.814, 1.66, 143, 415, 86, negative
10, 11, 110, 1.1, 0.409, 0.955, 2.5, 45, 105, 18, negative
2, 6, 12, 3.0, 0.583, 0.917, 7.0, 7, 11, 1, negative
10, 72, 720, 7.2, 0.292, 0.667, 1.81, 210, 480, 116, negative
8, 39, 312, 4.875, 0.378, 0.962, 1.64, 118, 300, 72, negative
5, 13, 65, 2.6, 0.554, 0.8, 2.57, 36, 52, 14, negative
5, 14, 70, 2.8, 0.329, 0.5, 2.56, 23, 35, 9, negative
8, 24, 192, 3.0, 0.297, 0.865, 1.84, 57, 166, 31, negative
8, 20, 160, 2.5, 0.394, 0.863, 2.1, 63, 138, 30, negative
10, 61, 610, 6.1, 0.333, 0.954, 1.85, 203, 582, 110, negative
16, 29, 464, 1.813, 0.144, 0.496, 2.58, 67, 230, 26, positive
10, 8, 80, 0.8, 0.313, 0.9, 1.56, 25, 72, 16, negative
6, 8, 48, 1.333, 0.604, 0.896, 3.22, 29, 43, 9, negative
8, 7, 56, 0.875, 0.5, 0.786, 3.11, 28, 44, 9, negative
10, 9, 90, 0.9, 0.356, 0.933, 1.6, 32, 84, 20, negative
8, 9, 72, 1.125, 0.375, 0.736, 2.45, 27, 53, 11, negative
8, 15, 120, 1.875, 0.458, 0.908, 2.5, 55, 109, 22, negative
10, 25, 250, 2.5, 0.34, 0.816, 1.89, 85, 204, 45, negative
8, 19, 152, 2.375, 0.395, 0.704, 1.94, 60, 107, 31, negative
10, 262, 2620, 26.2, 0.288, 0.742, 1.79, 754, 1945, 421, negative
8, 39, 312, 4.875, 0.423, 0.955, 1.83, 132, 298, 72, negative
10, 28, 280, 2.8, 0.336, 0.85, 1.68, 94, 238, 56, negative
8, 5, 40, 0.625, 0.4, 1.0, 2.67, 16, 40, 6, negative
8, 14, 112, 1.75, 0.509, 0.768, 3.0, 57, 86, 19, negative
8, 14, 112, 1.75, 0.384, 0.795, 1.72, 43, 89, 25, negative
8, 24, 192, 3.0, 0.26, 0.672, 1.85, 50, 129, 27, negative
8, 30, 240, 3.75, 0.363, 0.85, 2.29, 87, 204, 38, negative
8, 61, 488, 7.625, 0.342, 0.875, 1.94, 167, 427, 86, negative
10, 38, 380, 3.8, 0.308, 0.632, 2.13, 117, 240, 55, negative
8, 16, 128, 2.0, 0.344, 0.898, 1.91, 44, 115, 23, negative
5, 8, 40, 1.6, 0.675, 0.975, 3.0, 27, 39, 9, negative
7, 14, 98, 2.0, 0.286, 1.0, 1.87, 28, 98, 15, negative
8, 14, 112, 1.75, 0.339, 0.884, 1.73, 38, 99, 22, negative
9, 18, 162, 2.0, 0.327, 0.765, 1.83, 53, 124, 29, negative
5, 7, 35, 1.4, 0.686, 1.0, 3.0, 24, 35, 8, negative
10, 34, 340, 3.4, 0.303, 0.8, 1.81, 103, 272, 57, negative
6, 8, 48, 1.333, 0.5, 1.0, 2.18, 24, 48, 11, negative
5, 16, 80, 3.2, 0.563, 0.925, 2.65, 45, 74, 17, negative
10, 52, 520, 5.2, 0.269, 0.85, 2.0, 140, 442, 70, negative
10, 14, 140, 1.4, 0.314, 0.9, 1.91, 44, 126, 23, negative
7, 9, 63, 1.286, 0.429, 0.667, 3.0, 27, 42, 9, negative
8, 6, 48, 0.75, 0.313, 0.792, 3.0, 15, 38, 5, negative
8, 7, 56, 0.875, 0.339, 0.964, 1.36, 19, 54, 14, negative
8, 119, 952, 14.875, 0.337, 0.92, 1.7, 321, 876, 189, negative
8, 23, 184, 2.875, 0.321, 0.897, 1.51, 59, 165, 39, negative
8, 40, 320, 5.0, 0.347, 0.913, 1.63, 111, 292, 68, negative
8, 18, 144, 2.25, 0.354, 0.757, 1.65, 51, 109, 31, negative
8, 53, 424, 6.625, 0.38, 0.915, 1.87, 161, 388, 86, negative
7, 12, 84, 1.714, 0.452, 0.952, 2.0, 38, 80, 19, negative
27, 106, 2862, 3.926, 0.261, 0.478, 5.45, 747, 1368, 137, negative
28, 32, 896, 1.143, 0.459, 0.73, 5.96, 411, 654, 69, negative
9, 165, 1485, 18.333, 0.337, 0.713, 2.54, 501, 1059, 197, negative
7, 13, 91, 1.857, 0.242, 0.912, 1.47, 22, 83, 15, negative
7, 13, 91, 1.857, 0.264, 0.879, 1.85, 24, 80, 13, negative
7, 91, 637, 13.0, 0.334, 0.975, 1.76, 213, 621, 121, negative
1, 89, 89, 89.0, 0.191, 1.0, 1.06, 17, 89, 16, negative
6, 82, 492, 13.667, 0.274, 0.925, 1.39, 135, 455, 97, negative
7, 13, 91, 1.857, 0.308, 0.978, 1.56, 28, 89, 18, negative
5, 4, 20, 0.8, 0.35, 0.6, 2.33, 7, 12, 3, negative
9, 185, 1665, 20.556, 0.398, 0.783, 2.79, 663, 1303, 238, negative
7, 519, 3633, 74.143, 0.073, 0.394, 1.23, 265, 1431, 215, negative
9, 535, 4815, 59.444, 0.088, 0.318, 1.37, 425, 1530, 310, negative
8, 148, 1184, 18.5, 0.208, 0.725, 1.24, 246, 858, 198, negative
8, 107, 856, 13.375, 0.381, 0.77, 2.4, 326, 659, 136, negative
10, 185, 1850, 18.5, 0.36, 0.688, 2.81, 666, 1272, 237, negative
8, 508, 4064, 63.5, 0.092, 0.393, 1.28, 372, 1599, 290, negative
9, 464, 4176, 51.556, 0.158, 0.55, 1.3, 658, 2297, 505, negative
8, 256, 2048, 32.0, 0.124, 0.563, 1.26, 253, 1153, 200, negative
7, 305, 2135, 43.571, 0.109, 0.501, 1.21, 232, 1069, 191, negative
1, 257, 257, 257.0, 1.0, 1.0, 257.0, 257, 257, 1, positive
25, 471, 11775, 18.84, 0.449, 0.886, 7.8, 5290, 10437, 678, negative
9, 182, 1638, 20.222, 0.378, 0.789, 2.95, 619, 1292, 210, negative
25, 494, 12350, 19.76, 0.462, 0.93, 7.35, 5707, 11482, 776, negative
9, 109, 981, 12.111, 0.219, 0.774, 1.69, 215, 759, 127, negative
7, 215, 1505, 30.714, 0.548, 0.997, 3.35, 824, 1500, 246, negative
9, 535, 4815, 59.444, 0.163, 0.6, 1.4, 786, 2887, 561, negative
9, 536, 4824, 59.556, 0.189, 0.813, 1.38, 913, 3924, 662, negative
13, 37, 481, 2.846, 0.306, 0.933, 3.59, 147, 449, 41, negative
28, 32, 896, 1.143, 0.462, 0.722, 7.02, 414, 647, 59, positive
1, 63, 63, 63.0, 1.0, 1.0, 63.0, 63, 63, 1, positive
5, 29, 145, 5.8, 0.317, 0.952, 1.39, 46, 138, 33, negative
7, 141, 987, 20.143, 0.163, 0.787, 1.16, 161, 777, 139, negative
1, 60, 60, 60.0, 0.2, 1.0, 1.09, 12, 60, 11, negative
8, 175, 1400, 21.875, 0.156, 0.882, 1.2, 219, 1235, 183, negative
10, 318, 3180, 31.8, 0.128, 0.511, 1.18, 406, 1625, 344, negative
1, 26, 26, 26.0, 1.0, 1.0, 26.0, 26, 26, 1, positive
1, 13, 13, 13.0, 1.0, 1.0, 13.0, 13, 13, 1, positive
1, 145, 145, 145.0, 0.972, 1.0, 35.25, 141, 145, 4, positive
1, 81, 81, 81.0, 0.901, 1.0, 24.33, 73, 81, 3, positive
24, 187, 4488, 7.792, 0.485, 0.918, 8.16, 2178, 4122, 267, negative
8, 101, 808, 12.625, 0.29, 0.978, 1.71, 234, 790, 137, negative
9, 168, 1512, 18.667, 0.315, 0.697, 2.15, 476, 1054, 221, negative
10, 176, 1760, 17.6, 0.181, 0.552, 1.36, 319, 972, 235, negative
10, 511, 5110, 51.1, 0.161, 0.634, 1.43, 822, 3238, 575, negative
13, 375, 4875, 28.846, 0.154, 0.519, 1.44, 751, 2531, 521, negative
10, 511, 5110, 51.1, 0.141, 0.542, 1.36, 721, 2772, 532, negative
10, 508, 5080, 50.8, 0.16, 0.628, 1.41, 813, 3189, 578, negative
9, 195, 1755, 21.667, 0.126, 0.383, 1.53, 221, 673, 144, negative
8, 114, 912, 14.25, 0.116, 0.408, 1.45, 106, 372, 73, negative
14, 227, 3178, 16.214, 0.237, 0.839, 3.34, 754, 2667, 226, negative
24, 177, 4248, 7.375, 0.514, 0.961, 8.02, 2182, 4082, 272, negative
9, 111, 999, 12.333, 0.218, 0.81, 1.7, 218, 809, 128, negative
9, 185, 1665, 20.556, 0.417, 0.786, 3.13, 694, 1309, 222, negative
7, 53, 371, 7.571, 0.267, 0.679, 1.57, 99, 252, 63, negative
9, 256, 2304, 28.444, 0.099, 0.446, 1.36, 227, 1027, 167, negative
2, 279, 558, 139.5, 0.075, 0.545, 1.05, 42, 304, 40, negative
25, 178, 4450, 7.12, 0.475, 0.873, 7.95, 2115, 3885, 266, negative
7, 63, 441, 9.0, 0.338, 0.941, 1.94, 149, 415, 77, negative
9, 181, 1629, 20.111, 0.369, 0.737, 2.99, 601, 1201, 201, negative
6, 14, 84, 2.333, 0.393, 0.905, 1.57, 33, 76, 21, negative
9, 511, 4599, 56.778, 0.225, 0.798, 1.38, 1035, 3670, 751, negative
7, 14, 98, 2.0, 0.245, 0.867, 1.85, 24, 85, 13, negative
6, 13, 78, 2.167, 0.179, 0.923, 2.0, 14, 72, 7, negative
13, 38, 494, 2.923, 0.312, 0.955, 3.42, 154, 472, 45, negative
25, 187, 4675, 7.48, 0.472, 0.943, 7.28, 2207, 4408, 303, negative
9, 107, 963, 11.889, 0.328, 0.656, 2.08, 316, 632, 152, negative
9, 166, 1494, 18.444, 0.336, 0.723, 2.38, 502, 1080, 211, negative
7, 140, 980, 20.0, 0.131, 0.666, 1.28, 128, 653, 100, negative
7, 117, 819, 16.714, 0.186, 0.847, 1.26, 152, 694, 121, negative
1, 74, 74, 74.0, 0.189, 1.0, 1.08, 14, 74, 13, negative
10, 504, 5040, 50.4, 0.139, 0.665, 1.19, 701, 3352, 590, negative
7, 375, 2625, 53.571, 0.092, 0.428, 1.21, 241, 1124, 200, negative
2, 536, 1072, 268.0, 0.586, 0.686, 21.66, 628, 735, 29, positive
10, 40, 400, 4.0, 0.278, 0.615, 2.09, 111, 246, 53, negative
10, 162, 1620, 16.2, 0.454, 0.573, 5.93, 735, 928, 124, negative
3, 3, 9, 1.0, 0.778, 0.778, 7.0, 7, 7, 1, negative
13, 67, 871, 5.154, 0.432, 0.517, 6.6, 376, 450, 57, negative
10, 18, 180, 1.8, 0.55, 0.656, 7.62, 99, 118, 13, negative
12, 85, 1020, 7.083, 0.476, 0.614, 5.4, 486, 626, 90, negative
6, 13, 78, 2.167, 0.346, 0.577, 3.38, 27, 45, 8, negative
10, 80, 800, 8.0, 0.275, 0.435, 3.93, 220, 348, 56, negative
11, 275, 3025, 25.0, 0.287, 0.637, 2.83, 868, 1928, 307, negative
1, 29, 29, 29.0, 0.931, 1.0, 13.5, 27, 29, 2, positive
168, 145, 24360, 0.863, 0.798, 0.963, 13.06, 19430, 23457, 1488, positive
7, 70, 490, 10.0, 0.535, 0.971, 3.23, 262, 476, 81, negative
83, 314, 26062, 3.783, 0.298, 0.671, 8.75, 7772, 17482, 888, positive
12, 71, 852, 5.917, 0.631, 0.904, 6.64, 538, 770, 81, negative
8, 43, 344, 5.375, 0.445, 0.86, 2.73, 153, 296, 56, negative
10, 259, 2590, 25.9, 0.351, 0.779, 2.51, 908, 2018, 362, negative
3, 3, 9, 1.0, 0.778, 0.778, 7.0, 7, 7, 1, negative
13, 297, 3861, 22.846, 0.409, 0.6, 4.97, 1579, 2318, 318, negative
23, 124, 2852, 5.391, 0.941, 1.0, 17.21, 2684, 2852, 156, negative
3, 3, 9, 1.0, 0.778, 0.778, 7.0, 7, 7, 1, negative
8, 63, 504, 7.875, 0.435, 0.843, 2.41, 219, 425, 91, negative
8, 74, 592, 9.25, 0.568, 0.983, 3.11, 336, 582, 108, negative
9, 9, 81, 1.0, 0.519, 0.531, 42.0, 42, 43, 1, negative
8, 52, 416, 6.5, 0.45, 0.921, 2.88, 187, 383, 65, negative
10, 18, 180, 1.8, 0.467, 0.778, 8.4, 84, 140, 10, negative
24, 124, 2976, 5.167, 0.902, 0.961, 16.66, 2683, 2859, 161, negative
11, 344, 3784, 31.273, 0.446, 0.712, 4.71, 1686, 2694, 358, negative
11, 167, 1837, 15.182, 0.371, 0.8, 2.86, 681, 1470, 238, negative
14, 253, 3542, 18.071, 0.372, 0.826, 4.36, 1317, 2924, 302, negative
11, 251, 2761, 22.818, 0.355, 0.743, 2.93, 979, 2052, 334, negative
13, 201, 2613, 15.462, 0.4, 0.722, 4.45, 1046, 1887, 235, negative
10, 155, 1550, 15.5, 0.329, 0.601, 2.88, 510, 931, 177, negative
12, 72, 864, 6.0, 0.63, 0.885, 6.11, 544, 765, 89, negative
9, 8, 72, 0.889, 0.681, 0.764, 12.25, 49, 55, 4, negative
13, 400, 5200, 30.769, 0.364, 0.609, 4.52, 1891, 3168, 418, negative
13, 222, 2886, 17.077, 0.377, 0.692, 4.92, 1087, 1997, 221, negative
17, 266, 4522, 15.647, 0.921, 1.0, 12.82, 4167, 4522, 325, negative
27, 1, 27, 0.037, 1.0, 1.0, 27.0, 27, 27, 1, positive
17, 98, 1666, 5.765, 0.929, 1.0, 14.88, 1548, 1666, 104, negative
13, 433, 5629, 33.308, 0.375, 0.605, 4.82, 2109, 3404, 438, negative
3, 3, 9, 1.0, 0.889, 0.889, 8.0, 8, 8, 1, negative
9, 161, 1449, 17.889, 0.432, 0.93, 2.87, 626, 1347, 218, negative
10, 327, 3270, 32.7, 0.379, 0.767, 2.75, 1239, 2508, 450, negative
8, 95, 760, 11.875, 0.466, 0.904, 2.95, 354, 687, 120, negative
9, 1, 9, 0.111, 1.0, 1.0, 9.0, 9, 9, 1, positive
8, 193, 1544, 24.125, 0.4, 0.829, 2.51, 617, 1280, 246, negative
10, 9, 90, 0.9, 0.667, 0.689, 30.0, 60, 62, 2, negative
24, 198, 4752, 8.25, 0.911, 0.983, 15.8, 4329, 4670, 274, negative
3, 4, 12, 1.333, 0.75, 0.75, 9.0, 9, 9, 1, negative
10, 16, 160, 1.6, 0.425, 0.794, 7.56, 68, 127, 9, negative
10, 17, 170, 1.7, 0.571, 0.918, 6.47, 97, 156, 15, negative
9, 124, 1116, 13.778, 0.348, 0.722, 2.57, 388, 806, 151, negative
10, 18, 180, 1.8, 0.583, 0.894, 7.5, 105, 161, 14, negative
1, 7, 7, 7.0, 1.0, 1.0, 7.0, 7, 7, 1, negative
9, 83, 747, 9.222, 0.333, 0.742, 2.93, 249, 554, 85, negative
16, 121, 1936, 7.563, 0.396, 0.611, 5.6, 767, 1182, 137, negative
15, 121, 1815, 8.067, 0.428, 0.761, 5.35, 776, 1381, 145, negative
47, 1, 47, 0.021, 1.0, 1.0, 47.0, 47, 47, 1, positive
13, 135, 1755, 10.385, 0.492, 0.833, 5.5, 864, 1462, 157, negative
15, 356, 5340, 23.733, 0.406, 0.626, 5.29, 2167, 3342, 410, negative
17, 389, 6613, 22.882, 0.344, 0.678, 5.0, 2273, 4481, 455, negative
16, 212, 3392, 13.25, 0.376, 0.693, 5.75, 1276, 2349, 222, negative
16, 183, 2928, 11.438, 0.413, 0.787, 4.81, 1208, 2305, 251, negative
1, 9, 9, 9.0, 1.0, 1.0, 9.0, 9, 9, 1, negative
1, 23, 23, 23.0, 0.348, 1.0, 1.6, 8, 23, 5, positive
5, 2, 10, 0.4, 0.9, 0.9, 9.0, 9, 9, 1, positive
4, 2, 8, 0.5, 1.0, 1.0, 8.0, 8, 8, 1, positive
12, 22, 264, 1.833, 0.568, 0.837, 7.5, 150, 221, 20, negative
9, 1, 9, 0.111, 1.0, 1.0, 9.0, 9, 9, 1, positive
9, 232, 2088, 25.778, 0.274, 0.782, 1.76, 573, 1633, 326, negative
9, 80, 720, 8.889, 0.304, 0.838, 1.8, 219, 603, 122, negative
9, 92, 828, 10.222, 0.287, 0.694, 1.93, 238, 575, 123, negative
17, 22, 374, 1.294, 0.425, 0.765, 4.68, 159, 286, 34, negative
7, 91, 637, 13.0, 0.163, 0.535, 1.46, 104, 341, 71, negative
6, 71, 426, 11.833, 0.329, 0.958, 1.57, 140, 408, 89, negative
7, 213, 1491, 30.429, 0.235, 0.746, 1.5, 351, 1112, 234, negative
7, 72, 504, 10.286, 0.236, 0.651, 1.7, 119, 328, 70, negative
84, 1, 84, 0.012, 1.0, 1.0, 84.0, 84, 84, 1, positive
7, 37, 259, 5.286, 0.521, 0.954, 3.14, 135, 247, 43, negative
10, 292, 2920, 29.2, 0.203, 0.649, 1.5, 594, 1896, 397, negative
117, 1, 117, 0.009, 1.0, 1.0, 117.0, 117, 117, 1, positive
5, 94, 470, 18.8, 0.234, 0.845, 1.39, 110, 397, 79, negative
10, 288, 2880, 28.8, 0.191, 0.564, 1.5, 549, 1624, 365, negative
10, 323, 3230, 32.3, 0.198, 0.676, 1.38, 641, 2183, 465, negative
6, 96, 576, 16.0, 0.319, 0.703, 2.3, 184, 405, 80, negative
6, 97, 582, 16.167, 0.282, 0.794, 1.84, 164, 462, 89, negative
6, 97, 582, 16.167, 0.299, 0.701, 1.85, 174, 408, 94, negative
9, 80, 720, 8.889, 0.231, 0.694, 1.54, 166, 500, 108, negative
6, 96, 576, 16.0, 0.274, 0.901, 1.58, 158, 519, 100, negative
37, 1, 37, 0.027, 1.0, 1.0, 37.0, 37, 37, 1, positive
5, 39, 195, 7.8, 0.436, 0.656, 3.54, 85, 128, 24, negative
91, 285, 25935, 3.132, 0.158, 0.165, 113.89, 4100, 4287, 36, positive
8, 75, 600, 9.375, 0.228, 0.662, 1.37, 137, 397, 100, negative
7, 119, 833, 17.0, 0.285, 0.872, 1.5, 237, 726, 158, negative
6, 17, 102, 2.833, 0.245, 0.804, 1.39, 25, 82, 18, negative
9, 88, 792, 9.778, 0.263, 0.726, 1.59, 208, 575, 131, negative
5, 2, 10, 0.4, 0.8, 0.8, 8.0, 8, 8, 1, negative
7, 31, 217, 4.429, 0.415, 0.783, 2.31, 90, 170, 39, negative
7, 62, 434, 8.857, 0.272, 0.963, 1.46, 118, 418, 81, negative
6, 7, 42, 1.167, 0.333, 0.738, 2.33, 14, 31, 6, negative
1, 29, 29, 29.0, 0.31, 1.0, 1.13, 9, 29, 8, negative
5, 56, 280, 11.2, 0.121, 0.471, 1.31, 34, 132, 26, negative
67, 296, 19832, 4.418, 0.088, 0.285, 1.54, 1748, 5649, 1134, negative
7, 158, 1106, 22.571, 0.211, 0.552, 1.6, 233, 610, 146, negative
7, 30, 210, 4.286, 0.271, 0.871, 1.33, 57, 183, 43, negative
6, 20, 120, 3.333, 0.317, 0.983, 1.52, 38, 118, 25, negative
7, 70, 490, 10.0, 0.265, 0.976, 1.4, 130, 478, 93, negative
6, 15, 90, 2.5, 0.244, 0.733, 2.2, 22, 66, 10, negative
9, 98, 882, 10.889, 0.185, 0.662, 1.58, 163, 584, 103, negative
9, 98, 882, 10.889, 0.302, 0.712, 2.03, 266, 628, 131, negative
8, 80, 640, 10.0, 0.197, 0.769, 1.48, 126, 492, 85, negative
5, 28, 140, 5.6, 0.307, 0.821, 1.39, 43, 115, 31, negative
7, 61, 427, 8.714, 0.321, 0.667, 1.9, 137, 285, 72, negative
6, 45, 270, 7.5, 0.422, 0.881, 1.73, 114, 238, 66, negative
8, 85, 680, 10.625, 0.238, 0.687, 1.46, 162, 467, 111, negative
7, 39, 273, 5.571, 0.147, 0.48, 1.67, 40, 131, 24, negative
5, 29, 145, 5.8, 0.276, 0.779, 1.6, 40, 113, 25, negative
5, 25, 125, 5.0, 0.4, 0.928, 1.52, 50, 116, 33, negative
5, 110, 550, 22.0, 0.547, 0.556, 100.33, 301, 306, 3, positive
22, 20, 440, 0.909, 0.28, 0.57, 5.35, 123, 251, 23, negative
11, 367, 4037, 33.364, 0.221, 0.77, 1.64, 891, 3108, 544, negative
14, 440, 6160, 31.429, 0.158, 0.626, 1.54, 975, 3857, 632, negative
10, 23, 230, 2.3, 0.313, 0.891, 2.4, 72, 205, 30, negative
10, 23, 230, 2.3, 0.317, 0.891, 2.35, 73, 205, 31, negative
1, 17, 17, 17.0, 1.0, 1.0, 17.0, 17, 17, 1, positive
9, 137, 1233, 15.222, 0.235, 0.693, 1.7, 290, 854, 171, negative
9, 1, 9, 0.111, 1.0, 1.0, 9.0, 9, 9, 1, positive
8, 108, 864, 13.5, 0.196, 0.686, 1.34, 169, 593, 126, negative
9, 321, 2889, 35.667, 0.154, 0.553, 1.32, 446, 1597, 339, negative
7, 178, 1246, 25.429, 0.242, 0.795, 1.41, 301, 990, 213, negative
7, 74, 518, 10.571, 0.16, 0.83, 1.12, 83, 430, 74, negative
7, 346, 2422, 49.429, 0.159, 0.749, 1.17, 386, 1813, 329, negative
8, 21, 168, 2.625, 0.482, 0.827, 13.5, 81, 139, 6, negative
8, 22, 176, 2.75, 0.398, 0.79, 2.59, 70, 139, 27, negative
17, 341, 5797, 20.059, 0.935, 0.998, 36.38, 5420, 5784, 149, positive
11, 11, 121, 1.0, 0.455, 0.876, 4.23, 55, 106, 13, negative
1, 196, 196, 196.0, 0.98, 1.0, 64.0, 192, 196, 3, positive
10, 41, 410, 4.1, 0.463, 0.968, 2.79, 190, 397, 68, negative
11, 12, 132, 1.091, 0.432, 0.674, 4.38, 57, 89, 13, negative
8, 231, 1848, 28.875, 0.872, 0.882, 179.0, 1611, 1630, 9, positive
11, 11, 121, 1.0, 0.455, 0.818, 5.5, 55, 99, 10, negative
11, 156, 1716, 14.182, 0.224, 0.71, 1.52, 385, 1219, 253, negative
11, 12, 132, 1.091, 0.5, 0.818, 4.13, 66, 108, 16, negative
