@relation page-blocks0
@attribute Height integer [1, 804]
@attribute Lenght integer [1, 553]
@attribute Area integer [7, 143993]
@attribute Eccen real [0.007, 537.0]
@attribute P_black real [0.052, 1.0]
@attribute P_and real [0.062, 1.0]
@attribute Mean_tr real [1.0, 4955.0]
@attribute Blackpix integer [1, 33017]
@attribute Blackand integer [7, 46133]
@attribute Wb_trans integer [1, 3212]
@attribute Class {positive, negative}
@inputs Height, Lenght, Area, Eccen, P_black, P_and, Mean_tr, Blackpix, Blackand, Wb_trans
@outputs Class
@data
5, 7, 35, 1.4, 0.371, 0.743, 4.33, 13, 26, 3, negative
5, 2, 10, 0.4, 0.8, 1.0, 8.0, 8, 10, 1, negative
6, 7, 42, 1.167, 0.405, 0.952, 4.25, 17, 40, 4, negative
4, 6, 24, 1.5, 0.458, 0.792, 5.5, 11, 19, 2, negative
11, 85, 935, 7.727, 0.257, 0.894, 1.67, 240, 836, 144, negative
12, 12, 144, 1.0, 0.306, 0.979, 1.69, 44, 141, 26, negative
1, 44, 44, 44.0, 0.25, 1.0, 2.2, 11, 44, 5, positive
9, 5, 45, 0.556, 0.378, 0.933, 2.83, 17, 42, 6, negative
9, 85, 765, 9.444, 0.302, 0.812, 1.82, 231, 621, 127, negative
9, 44, 396, 4.889, 0.46, 0.937, 2.84, 182, 371, 64, negative
1, 57, 57, 57.0, 0.456, 1.0, 3.71, 26, 57, 7, positive
9, 123, 1107, 13.667, 0.362, 0.986, 2.62, 401, 1091, 153, negative
2, 31, 62, 15.5, 0.194, 0.516, 2.0, 12, 32, 6, negative
9, 14, 126, 1.556, 0.127, 0.937, 1.78, 16, 118, 9, negative
8, 23, 184, 2.875, 0.288, 1.0, 1.47, 53, 184, 36, negative
10, 13, 130, 1.3, 0.108, 0.685, 2.33, 14, 89, 6, negative
8, 70, 560, 8.75, 0.341, 0.918, 1.66, 191, 514, 115, negative
9, 82, 738, 9.111, 0.252, 0.74, 2.0, 186, 546, 93, negative
8, 46, 368, 5.75, 0.391, 0.951, 1.85, 144, 350, 78, negative
10, 126, 1260, 12.6, 0.41, 0.833, 2.63, 516, 1049, 196, negative
8, 44, 352, 5.5, 0.426, 0.938, 3.26, 150, 330, 46, negative
5, 8, 40, 1.6, 0.35, 0.675, 4.67, 14, 27, 3, negative
8, 17, 136, 2.125, 0.353, 0.801, 2.0, 48, 109, 24, negative
9, 12, 108, 1.333, 0.407, 0.88, 1.69, 44, 95, 26, negative
9, 82, 738, 9.111, 0.343, 0.913, 2.02, 253, 674, 125, negative
9, 82, 738, 9.111, 0.329, 0.871, 2.11, 243, 643, 115, negative
9, 97, 873, 10.778, 0.328, 0.921, 1.77, 286, 804, 162, negative
12, 13, 156, 1.083, 0.372, 0.981, 2.32, 58, 153, 25, negative
1, 36, 36, 36.0, 0.722, 1.0, 8.67, 26, 36, 3, positive
1, 19, 19, 19.0, 0.789, 1.0, 3.75, 15, 19, 4, positive
8, 42, 336, 5.25, 0.363, 0.97, 2.18, 122, 326, 56, negative
8, 122, 976, 15.25, 0.227, 0.65, 1.44, 222, 634, 154, negative
9, 76, 684, 8.444, 0.363, 0.874, 2.18, 248, 598, 114, negative
9, 33, 297, 3.667, 0.259, 0.774, 1.67, 77, 230, 46, negative
6, 22, 132, 3.667, 0.197, 1.0, 2.89, 26, 132, 9, negative
19, 462, 8778, 24.316, 0.523, 0.688, 16.88, 4591, 6035, 272, positive
10, 49, 490, 4.9, 0.551, 0.943, 3.07, 270, 462, 88, negative
10, 24, 240, 2.4, 0.267, 0.821, 2.06, 64, 197, 31, negative
9, 78, 702, 8.667, 0.349, 0.863, 2.17, 245, 606, 113, negative
9, 82, 738, 9.111, 0.385, 0.935, 2.29, 284, 690, 124, negative
1, 75, 75, 75.0, 0.92, 1.0, 11.5, 69, 75, 6, positive
1, 8, 8, 8.0, 0.875, 1.0, 7.0, 7, 8, 1, positive
14, 340, 4760, 24.286, 0.259, 0.592, 2.45, 1232, 2819, 503, negative
8, 59, 472, 7.375, 0.322, 0.881, 2.41, 152, 416, 63, negative
4, 115, 460, 28.75, 0.426, 0.487, 17.82, 196, 224, 11, positive
12, 7, 84, 0.583, 0.56, 1.0, 5.22, 47, 84, 9, negative
10, 51, 510, 5.1, 0.306, 0.855, 2.29, 156, 436, 68, negative
10, 78, 780, 7.8, 0.381, 0.856, 2.52, 297, 668, 118, negative
8, 21, 168, 2.625, 0.31, 0.744, 1.68, 52, 125, 31, negative
11, 8, 88, 0.727, 0.602, 1.0, 4.08, 53, 88, 13, negative
9, 21, 189, 2.333, 0.487, 0.857, 3.29, 92, 162, 28, negative
10, 49, 490, 4.9, 0.59, 0.982, 3.11, 289, 481, 93, negative
9, 36, 324, 4.0, 0.586, 0.948, 3.45, 190, 307, 55, negative
11, 8, 88, 0.727, 0.693, 0.989, 10.17, 61, 87, 6, negative
1, 23, 23, 23.0, 0.826, 1.0, 19.0, 19, 23, 1, positive
1, 19, 19, 19.0, 0.684, 1.0, 4.33, 13, 19, 3, positive
9, 6, 54, 0.667, 0.37, 0.907, 2.5, 20, 49, 8, negative
11, 75, 825, 6.818, 0.27, 0.679, 2.08, 223, 560, 107, negative
12, 102, 1224, 8.5, 0.257, 0.804, 1.77, 315, 984, 178, negative
8, 99, 792, 12.375, 0.351, 0.962, 1.66, 278, 762, 167, negative
12, 26, 312, 2.167, 0.276, 0.83, 2.21, 86, 259, 39, negative
6, 28, 168, 4.667, 0.143, 0.53, 1.71, 24, 89, 14, negative
14, 38, 532, 2.714, 0.244, 0.489, 2.95, 130, 260, 44, negative
15, 31, 465, 2.067, 0.204, 0.465, 3.96, 95, 216, 24, negative
13, 33, 429, 2.538, 0.245, 0.534, 3.89, 105, 229, 27, negative
10, 19, 190, 1.9, 0.332, 0.695, 3.71, 63, 132, 17, negative
11, 8, 88, 0.727, 0.545, 1.0, 3.2, 48, 88, 15, negative
11, 21, 231, 1.909, 0.316, 0.58, 4.29, 73, 134, 17, negative
9, 37, 333, 4.111, 0.396, 0.85, 2.03, 132, 283, 65, negative
11, 101, 1111, 9.182, 0.264, 0.852, 1.65, 293, 947, 178, negative
12, 72, 864, 6.0, 0.281, 0.807, 2.15, 243, 697, 113, negative
10, 99, 990, 9.9, 0.443, 0.912, 2.64, 439, 903, 166, negative
12, 118, 1416, 9.833, 0.266, 0.734, 1.99, 377, 1039, 189, negative
8, 44, 352, 5.5, 0.486, 0.952, 2.95, 171, 335, 58, negative
1, 42, 42, 42.0, 0.31, 1.0, 2.6, 13, 42, 5, positive
5, 31, 155, 6.2, 0.239, 0.974, 2.06, 37, 151, 18, negative
5, 23, 115, 4.6, 0.226, 1.0, 1.63, 26, 115, 16, negative
4, 32, 128, 8.0, 0.313, 1.0, 2.11, 40, 128, 19, negative
7, 123, 861, 17.571, 0.265, 0.626, 1.66, 228, 539, 137, negative
9, 36, 324, 4.0, 0.577, 0.948, 3.02, 187, 307, 62, negative
2, 50, 100, 25.0, 0.46, 0.51, 15.33, 46, 51, 3, positive
9, 37, 333, 4.111, 0.444, 0.898, 2.08, 148, 299, 71, negative
12, 2, 24, 0.167, 0.625, 0.667, 15.0, 15, 16, 1, positive
12, 43, 516, 3.583, 0.31, 0.793, 2.32, 160, 409, 69, negative
12, 61, 732, 5.083, 0.251, 0.746, 1.77, 184, 546, 104, negative
2, 204, 408, 102.0, 0.412, 0.681, 10.5, 168, 278, 16, positive
10, 29, 290, 2.9, 0.221, 0.572, 3.56, 64, 166, 18, negative
9, 83, 747, 9.222, 0.335, 0.843, 2.05, 250, 630, 122, negative
10, 44, 440, 4.4, 0.441, 0.92, 2.94, 194, 405, 66, negative
19, 455, 8645, 23.947, 0.081, 0.095, 33.48, 703, 821, 21, negative
8, 23, 184, 2.875, 0.255, 1.0, 2.14, 47, 184, 22, negative
9, 36, 324, 4.0, 0.491, 0.84, 3.31, 159, 272, 48, negative
9, 49, 441, 5.444, 0.587, 0.961, 3.12, 259, 424, 83, negative
8, 17, 136, 2.125, 0.294, 0.654, 2.22, 40, 89, 18, negative
9, 46, 414, 5.111, 0.338, 0.872, 1.67, 140, 361, 84, negative
8, 41, 328, 5.125, 0.351, 0.963, 1.92, 115, 316, 60, negative
7, 190, 1330, 27.143, 0.293, 0.847, 1.79, 390, 1126, 218, negative
2, 6, 12, 3.0, 0.667, 1.0, 4.0, 8, 12, 2, positive
15, 1, 15, 0.067, 1.0, 1.0, 15.0, 15, 15, 1, positive
11, 71, 781, 6.455, 0.37, 0.726, 2.41, 289, 567, 120, negative
10, 108, 1080, 10.8, 0.297, 0.831, 1.84, 321, 897, 174, negative
5, 99, 495, 19.8, 0.356, 0.881, 1.5, 176, 436, 117, negative
14, 410, 5740, 29.286, 0.241, 0.592, 2.4, 1382, 3400, 576, negative
11, 79, 869, 7.182, 0.342, 0.841, 2.2, 297, 731, 135, negative
6, 51, 306, 8.5, 0.294, 0.775, 1.48, 90, 237, 61, negative
13, 116, 1508, 8.923, 0.292, 0.703, 2.49, 441, 1060, 177, negative
4, 114, 456, 28.5, 0.393, 0.978, 1.83, 179, 446, 98, negative
3, 90, 270, 30.0, 0.511, 0.907, 2.34, 138, 245, 59, negative
6, 100, 600, 16.667, 0.385, 0.828, 1.72, 231, 497, 134, negative
12, 128, 1536, 10.667, 0.339, 0.737, 2.91, 520, 1132, 179, negative
14, 116, 1624, 8.286, 0.27, 0.649, 2.12, 439, 1054, 207, negative
6, 90, 540, 15.0, 0.394, 0.804, 2.2, 213, 434, 97, negative
6, 46, 276, 7.667, 0.315, 0.75, 2.12, 87, 207, 41, negative
10, 35, 350, 3.5, 0.42, 0.826, 2.23, 147, 289, 66, negative
9, 37, 333, 4.111, 0.517, 0.934, 2.82, 172, 311, 61, negative
153, 442, 67626, 2.889, 0.114, 0.215, 6.27, 7689, 14538, 1227, positive
4, 89, 356, 22.25, 0.34, 0.916, 1.64, 121, 326, 74, negative
7, 63, 441, 9.0, 0.333, 0.971, 1.99, 147, 428, 74, negative
11, 34, 374, 3.091, 0.364, 0.642, 2.78, 136, 240, 49, negative
6, 99, 594, 16.5, 0.301, 0.803, 1.46, 179, 477, 123, negative
47, 286, 13442, 6.085, 0.183, 0.317, 4.67, 2459, 4258, 526, positive
12, 67, 804, 5.583, 0.35, 0.693, 2.84, 281, 557, 99, negative
9, 118, 1062, 13.111, 0.372, 0.818, 2.41, 395, 869, 164, negative
7, 17, 119, 2.429, 0.454, 0.866, 3.18, 54, 103, 17, negative
7, 100, 700, 14.286, 0.294, 0.633, 1.67, 206, 443, 123, negative
13, 84, 1092, 6.462, 0.35, 0.59, 3.16, 382, 644, 121, negative
38, 410, 15580, 10.789, 0.279, 0.696, 2.39, 4341, 10849, 1815, negative
12, 67, 804, 5.583, 0.376, 0.751, 2.99, 302, 604, 101, negative
10, 119, 1190, 11.9, 0.392, 0.891, 2.46, 467, 1060, 190, negative
12, 116, 1392, 9.667, 0.331, 0.756, 2.62, 461, 1053, 176, negative
43, 62, 2666, 1.442, 0.08, 0.17, 6.63, 212, 454, 32, positive
8, 192, 1536, 24.0, 0.316, 0.746, 1.74, 485, 1146, 279, negative
9, 42, 378, 4.667, 0.452, 0.942, 2.85, 171, 356, 60, negative
10, 181, 1810, 18.1, 0.491, 0.866, 3.25, 888, 1567, 273, negative
13, 348, 4524, 26.769, 0.308, 0.721, 2.57, 1395, 3262, 543, negative
14, 186, 2604, 13.286, 0.307, 0.652, 2.5, 799, 1698, 319, negative
13, 13, 169, 1.0, 0.124, 0.45, 3.5, 21, 76, 6, positive
7, 41, 287, 5.857, 0.425, 0.993, 1.97, 122, 285, 62, negative
7, 24, 168, 3.429, 0.101, 0.298, 1.89, 17, 50, 9, positive
8, 7, 56, 0.875, 0.304, 0.946, 1.55, 17, 53, 11, negative
8, 240, 1920, 30.0, 0.194, 0.515, 1.34, 373, 988, 279, negative
8, 34, 272, 4.25, 0.309, 0.908, 1.5, 84, 247, 56, negative
8, 54, 432, 6.75, 0.245, 0.745, 1.29, 106, 322, 82, negative
10, 271, 2710, 27.1, 0.197, 0.748, 1.38, 533, 2027, 386, negative
6, 6, 36, 1.0, 0.194, 0.417, 3.5, 7, 15, 2, positive
4, 9, 36, 2.25, 0.417, 1.0, 1.67, 15, 36, 9, negative
8, 135, 1080, 16.875, 0.077, 0.294, 1.54, 83, 317, 54, negative
10, 261, 2610, 26.1, 0.183, 0.515, 1.49, 477, 1343, 321, negative
9, 258, 2322, 28.667, 0.173, 0.581, 1.28, 401, 1350, 313, negative
7, 7, 49, 1.0, 0.347, 0.939, 1.89, 17, 46, 9, negative
6, 20, 120, 3.333, 0.175, 0.792, 1.5, 21, 95, 14, negative
6, 69, 414, 11.5, 0.28, 0.744, 1.4, 116, 308, 83, negative
8, 80, 640, 10.0, 0.184, 0.544, 1.4, 118, 348, 84, negative
5, 21, 105, 4.2, 0.295, 0.733, 1.48, 31, 77, 21, negative
5, 30, 150, 6.0, 0.36, 0.947, 1.26, 54, 142, 43, negative
8, 12, 96, 1.5, 0.208, 0.771, 1.11, 20, 74, 18, negative
7, 14, 98, 2.0, 0.337, 0.99, 1.65, 33, 97, 20, negative
5, 4, 20, 0.8, 0.35, 0.85, 1.75, 7, 17, 4, negative
6, 50, 300, 8.333, 0.213, 0.577, 1.31, 64, 173, 49, negative
9, 158, 1422, 17.556, 0.217, 0.535, 1.45, 308, 761, 212, negative
4, 28, 112, 7.0, 0.455, 1.0, 1.27, 51, 112, 40, negative
7, 41, 287, 5.857, 0.209, 0.652, 1.36, 60, 187, 44, negative
6, 11, 66, 1.833, 0.333, 0.803, 1.69, 22, 53, 13, negative
9, 23, 207, 2.556, 0.213, 0.507, 1.57, 44, 105, 28, negative
8, 17, 136, 2.125, 0.265, 0.566, 1.71, 36, 77, 21, negative
7, 37, 259, 5.286, 0.301, 0.691, 1.81, 78, 179, 43, negative
5, 13, 65, 2.6, 0.415, 0.938, 1.69, 27, 61, 16, negative
6, 17, 102, 2.833, 0.255, 0.745, 1.18, 26, 76, 22, negative
6, 14, 84, 2.333, 0.274, 0.893, 1.64, 23, 75, 14, negative
5, 13, 65, 2.6, 0.262, 0.692, 1.42, 17, 45, 12, negative
9, 21, 189, 2.333, 0.175, 0.513, 1.65, 33, 97, 20, negative
8, 43, 344, 5.375, 0.212, 0.721, 1.4, 73, 248, 52, negative
5, 17, 85, 3.4, 0.412, 0.941, 1.75, 35, 80, 20, negative
8, 27, 216, 3.375, 0.269, 0.764, 1.29, 58, 165, 45, negative
7, 54, 378, 7.714, 0.254, 0.608, 1.39, 96, 230, 69, negative
7, 19, 133, 2.714, 0.346, 1.0, 1.44, 46, 133, 32, negative
8, 63, 504, 7.875, 0.256, 0.694, 1.52, 129, 350, 85, negative
10, 262, 2620, 26.2, 0.179, 0.606, 1.36, 469, 1587, 344, negative
7, 21, 147, 3.0, 0.327, 0.728, 1.41, 48, 107, 34, negative
9, 214, 1926, 23.778, 0.23, 0.748, 1.44, 443, 1440, 307, negative
9, 56, 504, 6.222, 0.196, 0.617, 1.24, 99, 311, 80, negative
7, 49, 343, 7.0, 0.3, 0.72, 1.34, 103, 247, 77, negative
7, 15, 105, 2.143, 0.314, 1.0, 1.57, 33, 105, 21, negative
7, 38, 266, 5.429, 0.226, 0.639, 1.4, 60, 170, 43, negative
8, 23, 184, 2.875, 0.239, 0.554, 1.76, 44, 102, 25, negative
6, 4, 24, 0.667, 0.458, 1.0, 2.2, 11, 24, 5, negative
6, 17, 102, 2.833, 0.324, 1.0, 1.32, 33, 102, 25, negative
9, 49, 441, 5.444, 0.265, 0.653, 1.36, 117, 288, 86, negative
9, 8, 72, 0.889, 0.222, 0.736, 1.78, 16, 53, 9, negative
7, 15, 105, 2.143, 0.333, 0.838, 1.46, 35, 88, 24, negative
9, 32, 288, 3.556, 0.24, 0.913, 1.5, 69, 263, 46, negative
8, 11, 88, 1.375, 0.318, 1.0, 1.4, 28, 88, 20, negative
5, 7, 35, 1.4, 0.457, 1.0, 2.0, 16, 35, 8, negative
5, 13, 65, 2.6, 0.4, 1.0, 1.18, 26, 65, 22, negative
7, 21, 147, 3.0, 0.293, 0.81, 1.34, 43, 119, 32, negative
7, 39, 273, 5.571, 0.253, 0.853, 1.33, 69, 233, 52, negative
7, 11, 77, 1.571, 0.325, 0.935, 1.39, 25, 72, 18, negative
9, 39, 351, 4.333, 0.239, 0.624, 1.53, 84, 219, 55, negative
7, 20, 140, 2.857, 0.379, 1.0, 1.61, 53, 140, 33, negative
7, 39, 273, 5.571, 0.293, 0.733, 1.43, 80, 200, 56, negative
7, 32, 224, 4.571, 0.268, 0.83, 1.28, 60, 186, 47, negative
7, 51, 357, 7.286, 0.322, 0.784, 1.49, 115, 280, 77, negative
6, 13, 78, 2.167, 0.269, 0.667, 1.5, 21, 52, 14, negative
7, 27, 189, 3.857, 0.286, 1.0, 1.32, 54, 189, 41, negative
7, 7, 49, 1.0, 0.265, 0.796, 1.44, 13, 39, 9, negative
7, 12, 84, 1.714, 0.357, 0.81, 1.67, 30, 68, 18, negative
9, 24, 216, 2.667, 0.218, 0.588, 1.38, 47, 127, 34, negative
5, 7, 35, 1.4, 0.4, 1.0, 1.17, 14, 35, 12, negative
7, 5, 35, 0.714, 0.257, 1.0, 1.13, 9, 35, 8, negative
7, 41, 287, 5.857, 0.328, 0.774, 1.42, 94, 222, 66, negative
7, 4, 28, 0.571, 0.25, 0.857, 1.75, 7, 24, 4, negative
7, 38, 266, 5.429, 0.338, 0.729, 1.55, 90, 194, 58, negative
7, 43, 301, 6.143, 0.292, 0.85, 1.33, 88, 256, 66, negative
5, 12, 60, 2.4, 0.483, 1.0, 1.38, 29, 60, 21, negative
10, 49, 490, 4.9, 0.165, 0.649, 1.35, 81, 318, 60, negative
6, 13, 78, 2.167, 0.333, 0.846, 1.37, 26, 66, 19, negative
8, 16, 128, 2.0, 0.211, 0.672, 1.42, 27, 86, 19, negative
7, 42, 294, 6.0, 0.235, 0.571, 1.33, 69, 168, 52, negative
8, 4, 32, 0.5, 0.25, 0.344, 8.0, 8, 11, 1, negative
6, 25, 150, 4.167, 0.313, 1.0, 1.38, 47, 150, 34, negative
9, 17, 153, 1.889, 0.229, 0.582, 1.67, 35, 89, 21, negative
7, 33, 231, 4.714, 0.346, 0.879, 1.36, 80, 203, 59, negative
7, 11, 77, 1.571, 0.377, 0.961, 1.45, 29, 74, 20, negative
7, 23, 161, 3.286, 0.273, 0.839, 1.47, 44, 135, 30, negative
6, 11, 66, 1.833, 0.379, 0.818, 1.67, 25, 54, 15, negative
9, 24, 216, 2.667, 0.287, 0.912, 1.72, 62, 197, 36, negative
7, 59, 413, 8.429, 0.228, 0.659, 1.24, 94, 272, 76, negative
9, 103, 927, 11.444, 0.243, 0.663, 1.42, 225, 615, 159, negative
5, 3, 15, 0.6, 0.533, 1.0, 2.67, 8, 15, 3, negative
7, 44, 308, 6.286, 0.169, 0.455, 1.58, 52, 140, 33, negative
7, 11, 77, 1.571, 0.364, 0.909, 1.75, 28, 70, 16, negative
9, 92, 828, 10.222, 0.24, 0.641, 1.54, 199, 531, 129, negative
7, 13, 91, 1.857, 0.308, 0.824, 1.33, 28, 75, 21, negative
6, 8, 48, 1.333, 0.313, 0.875, 1.07, 15, 42, 14, negative
7, 10, 70, 1.429, 0.314, 1.0, 1.29, 22, 70, 17, negative
9, 16, 144, 1.778, 0.278, 0.917, 1.48, 40, 132, 27, negative
9, 41, 369, 4.556, 0.201, 0.653, 1.3, 74, 241, 57, negative
7, 18, 126, 2.571, 0.214, 0.929, 1.13, 27, 117, 24, negative
9, 201, 1809, 22.333, 0.152, 0.456, 1.27, 275, 825, 216, negative
9, 42, 378, 4.667, 0.198, 0.563, 1.15, 75, 213, 65, negative
6, 5, 30, 0.833, 0.367, 0.867, 2.75, 11, 26, 4, negative
9, 42, 378, 4.667, 0.235, 0.603, 1.37, 89, 228, 65, negative
8, 54, 432, 6.75, 0.183, 0.734, 1.34, 79, 317, 59, negative
7, 13, 91, 1.857, 0.407, 0.978, 1.76, 37, 89, 21, negative
7, 23, 161, 3.286, 0.298, 0.876, 1.45, 48, 141, 33, negative
7, 13, 91, 1.857, 0.275, 0.824, 1.32, 25, 75, 19, negative
6, 20, 120, 3.333, 0.367, 0.967, 1.38, 44, 116, 32, negative
8, 9, 72, 1.125, 0.361, 0.792, 1.53, 26, 57, 17, negative
7, 12, 84, 1.714, 0.417, 0.738, 1.84, 35, 62, 19, negative
9, 36, 324, 4.0, 0.349, 0.707, 1.82, 113, 229, 62, negative
8, 13, 104, 1.625, 0.442, 0.981, 2.0, 46, 102, 23, negative
13, 5, 65, 0.385, 0.123, 0.538, 8.0, 8, 35, 1, positive
9, 37, 333, 4.111, 0.3, 0.694, 2.0, 100, 231, 50, negative
11, 42, 462, 3.818, 0.292, 0.76, 1.93, 135, 351, 70, negative
8, 4, 32, 0.5, 0.469, 0.875, 5.0, 15, 28, 3, negative
11, 32, 352, 2.909, 0.301, 0.895, 1.89, 106, 315, 56, negative
9, 23, 207, 2.556, 0.386, 0.894, 2.42, 80, 185, 33, negative
1, 13, 13, 13.0, 0.846, 1.0, 5.5, 11, 13, 2, positive
13, 5, 65, 0.385, 0.323, 0.554, 5.25, 21, 36, 4, positive
9, 116, 1044, 12.889, 0.339, 0.88, 1.86, 354, 919, 190, negative
6, 18, 108, 3.0, 0.5, 0.991, 2.45, 54, 107, 22, negative
8, 4, 32, 0.5, 0.375, 1.0, 1.5, 12, 32, 8, negative
6, 5, 30, 0.833, 0.367, 1.0, 2.2, 11, 30, 5, positive
8, 36, 288, 4.5, 0.406, 1.0, 1.89, 117, 288, 62, negative
10, 30, 300, 3.0, 0.427, 0.78, 2.78, 128, 234, 46, negative
9, 1, 9, 0.111, 1.0, 1.0, 9.0, 9, 9, 1, positive
11, 134, 1474, 12.182, 0.286, 0.777, 2.36, 422, 1145, 179, negative
1, 47, 47, 47.0, 1.0, 1.0, 47.0, 47, 47, 1, positive
1, 17, 17, 17.0, 1.0, 1.0, 17.0, 17, 17, 1, positive
9, 35, 315, 3.889, 0.33, 0.835, 2.0, 104, 263, 52, negative
9, 27, 243, 3.0, 0.358, 0.856, 1.85, 87, 208, 47, negative
11, 44, 484, 4.0, 0.308, 0.818, 2.01, 149, 396, 74, negative
8, 14, 112, 1.75, 0.357, 0.67, 2.0, 40, 75, 20, negative
8, 24, 192, 3.0, 0.406, 0.818, 2.23, 78, 157, 35, negative
12, 272, 3264, 22.667, 0.249, 0.602, 2.01, 812, 1965, 404, negative
5, 4, 20, 0.8, 0.65, 0.85, 3.25, 13, 17, 4, negative
9, 23, 207, 2.556, 0.362, 0.831, 1.92, 75, 172, 39, negative
8, 12, 96, 1.5, 0.469, 0.948, 2.14, 45, 91, 21, negative
8, 18, 144, 2.25, 0.403, 0.896, 2.52, 58, 129, 23, negative
8, 7, 56, 0.875, 0.411, 0.875, 2.09, 23, 49, 11, negative
8, 15, 120, 1.875, 0.5, 1.0, 2.14, 60, 120, 28, negative
8, 34, 272, 4.25, 0.419, 0.783, 2.0, 114, 213, 57, negative
11, 12, 132, 1.091, 0.295, 0.818, 3.0, 39, 108, 13, negative
9, 64, 576, 7.111, 0.345, 0.694, 2.29, 199, 400, 87, negative
8, 27, 216, 3.375, 0.407, 1.0, 2.05, 88, 216, 43, negative
8, 14, 112, 1.75, 0.446, 1.0, 2.17, 50, 112, 23, negative
11, 52, 572, 4.727, 0.262, 0.858, 1.79, 150, 491, 84, negative
5, 7, 35, 1.4, 0.6, 0.886, 3.5, 21, 31, 6, negative
11, 213, 2343, 19.364, 0.264, 0.698, 1.95, 619, 1635, 317, negative
11, 96, 1056, 8.727, 0.277, 0.68, 1.83, 292, 718, 160, negative
10, 19, 190, 1.9, 0.311, 1.0, 1.69, 59, 190, 35, negative
6, 36, 216, 6.0, 0.495, 0.995, 1.91, 107, 215, 56, negative
8, 22, 176, 2.75, 0.403, 1.0, 2.03, 71, 176, 35, negative
8, 12, 96, 1.5, 0.396, 0.75, 2.38, 38, 72, 16, negative
9, 49, 441, 5.444, 0.306, 0.773, 1.82, 135, 341, 74, negative
8, 7, 56, 0.875, 0.464, 1.0, 2.36, 26, 56, 11, negative
8, 10, 80, 1.25, 0.375, 0.85, 1.88, 30, 68, 16, negative
7, 35, 245, 5.0, 0.408, 0.755, 2.38, 100, 185, 42, negative
8, 9, 72, 1.125, 0.361, 0.972, 1.73, 26, 70, 15, negative
10, 6, 60, 0.6, 0.333, 0.817, 2.5, 20, 49, 8, negative
10, 44, 440, 4.4, 0.314, 0.623, 1.92, 138, 274, 72, negative
10, 12, 120, 1.2, 0.4, 0.933, 2.29, 48, 112, 21, negative
6, 14, 84, 2.333, 0.56, 0.929, 2.24, 47, 78, 21, negative
8, 9, 72, 1.125, 0.361, 0.722, 1.86, 26, 52, 14, negative
8, 27, 216, 3.375, 0.343, 0.778, 1.76, 74, 168, 42, negative
10, 32, 320, 3.2, 0.306, 0.788, 1.69, 98, 252, 58, negative
7, 109, 763, 15.571, 0.283, 0.543, 1.93, 216, 414, 112, negative
20, 39, 780, 1.95, 0.14, 0.405, 3.21, 109, 316, 34, positive
7, 6, 42, 0.857, 0.405, 0.929, 1.89, 17, 39, 9, negative
7, 7, 49, 1.0, 0.592, 0.959, 2.42, 29, 47, 12, negative
10, 9, 90, 0.9, 0.333, 0.878, 2.5, 30, 79, 12, negative
6, 49, 294, 8.167, 0.32, 0.527, 2.94, 94, 155, 32, negative
10, 145, 1450, 14.5, 0.268, 0.747, 1.83, 389, 1083, 213, negative
8, 12, 96, 1.5, 0.375, 0.927, 1.8, 36, 89, 20, negative
10, 57, 570, 5.7, 0.326, 0.695, 1.98, 186, 396, 94, negative
7, 20, 140, 2.857, 0.493, 0.979, 1.82, 69, 137, 38, negative
10, 33, 330, 3.3, 0.352, 0.745, 2.07, 116, 246, 56, negative
7, 35, 245, 5.0, 0.494, 1.0, 2.2, 121, 245, 55, negative
8, 35, 280, 4.375, 0.425, 0.843, 2.09, 119, 236, 57, negative
8, 45, 360, 5.625, 0.297, 0.564, 1.88, 107, 203, 57, negative
8, 12, 96, 1.5, 0.396, 0.99, 1.9, 38, 95, 20, negative
10, 41, 410, 4.1, 0.356, 0.956, 2.15, 146, 392, 68, negative
10, 74, 740, 7.4, 0.303, 0.708, 2.17, 224, 524, 103, negative
10, 35, 350, 3.5, 0.311, 0.72, 1.88, 109, 252, 58, negative
9, 53, 477, 5.889, 0.335, 0.602, 2.42, 160, 287, 66, negative
8, 6, 48, 0.75, 0.333, 0.979, 1.78, 16, 47, 9, negative
10, 18, 180, 1.8, 0.294, 0.883, 1.96, 53, 159, 27, negative
8, 23, 184, 2.875, 0.364, 0.967, 2.03, 67, 178, 33, negative
8, 14, 112, 1.75, 0.429, 1.0, 2.4, 48, 112, 20, negative
9, 14, 126, 1.556, 0.333, 0.897, 2.47, 42, 113, 17, negative
8, 7, 56, 0.875, 0.482, 0.946, 2.45, 27, 53, 11, negative
8, 34, 272, 4.25, 0.379, 0.971, 1.84, 103, 264, 56, negative
10, 26, 260, 2.6, 0.354, 0.769, 2.09, 92, 200, 44, negative
9, 30, 270, 3.333, 0.304, 0.711, 1.86, 82, 192, 44, negative
10, 31, 310, 3.1, 0.339, 0.713, 2.14, 105, 221, 49, negative
8, 24, 192, 3.0, 0.323, 0.688, 2.21, 62, 132, 28, negative
10, 52, 520, 5.2, 0.298, 0.752, 2.09, 155, 391, 74, negative
10, 242, 2420, 24.2, 0.26, 0.579, 2.08, 630, 1401, 303, negative
9, 56, 504, 6.222, 0.343, 0.706, 1.97, 173, 356, 88, negative
7, 18, 126, 2.571, 0.468, 1.0, 2.81, 59, 126, 21, negative
8, 12, 96, 1.5, 0.521, 0.958, 2.5, 50, 92, 20, negative
10, 41, 410, 4.1, 0.324, 0.81, 1.87, 133, 332, 71, negative
7, 20, 140, 2.857, 0.407, 0.929, 1.97, 57, 130, 29, negative
8, 13, 104, 1.625, 0.365, 0.933, 1.65, 38, 97, 23, negative
8, 5, 40, 0.625, 0.525, 1.0, 3.0, 21, 40, 7, negative
8, 63, 504, 7.875, 0.333, 0.734, 1.58, 168, 370, 106, negative
8, 26, 208, 3.25, 0.24, 0.563, 2.5, 50, 117, 20, negative
8, 5, 40, 0.625, 0.475, 1.0, 2.38, 19, 40, 8, negative
8, 12, 96, 1.5, 0.396, 0.844, 2.11, 38, 81, 18, negative
10, 9, 90, 0.9, 0.344, 0.856, 1.72, 31, 77, 18, negative
6, 16, 96, 2.667, 0.49, 0.844, 1.96, 47, 81, 24, negative
10, 78, 780, 7.8, 0.255, 0.751, 1.76, 199, 586, 113, negative
8, 48, 384, 6.0, 0.354, 0.865, 1.89, 136, 332, 72, negative
7, 3, 21, 0.429, 0.571, 1.0, 4.0, 12, 21, 3, negative
5, 23, 115, 4.6, 0.452, 0.913, 1.79, 52, 105, 29, negative
10, 116, 1160, 11.6, 0.246, 0.759, 1.6, 285, 881, 178, negative
10, 22, 220, 2.2, 0.318, 0.777, 1.79, 70, 171, 39, negative
10, 176, 1760, 17.6, 0.257, 0.583, 1.72, 452, 1026, 263, negative
6, 8, 48, 1.333, 0.458, 0.729, 2.44, 22, 35, 9, negative
8, 353, 2824, 44.125, 0.07, 0.292, 1.19, 197, 825, 165, negative
2, 536, 1072, 268.0, 0.537, 0.622, 24.0, 576, 667, 24, positive
1, 35, 35, 35.0, 0.2, 1.0, 1.17, 7, 35, 6, negative
4, 12, 48, 3.0, 0.25, 0.792, 3.0, 12, 38, 4, negative
9, 180, 1620, 20.0, 0.374, 0.759, 2.86, 606, 1230, 212, negative
9, 107, 963, 11.889, 0.357, 0.693, 2.44, 344, 667, 141, negative
9, 240, 2160, 26.667, 0.179, 0.605, 1.26, 386, 1307, 306, negative
9, 272, 2448, 30.222, 0.137, 0.532, 1.33, 336, 1303, 252, negative
9, 535, 4815, 59.444, 0.126, 0.444, 1.29, 606, 2136, 469, negative
2, 535, 1070, 267.5, 0.545, 0.629, 24.29, 583, 673, 24, positive
9, 534, 4806, 59.333, 0.131, 0.516, 1.31, 629, 2482, 479, negative
10, 534, 5340, 53.4, 0.132, 0.519, 1.28, 703, 2771, 548, negative
9, 534, 4806, 59.333, 0.102, 0.417, 1.4, 491, 2005, 351, negative
13, 38, 494, 2.923, 0.332, 0.935, 4.0, 164, 462, 41, negative
9, 108, 972, 12.0, 0.222, 0.778, 1.73, 216, 756, 125, negative
9, 103, 927, 11.444, 0.383, 0.825, 2.75, 355, 765, 129, negative
9, 508, 4572, 56.444, 0.184, 0.705, 1.31, 840, 3224, 640, negative
7, 256, 1792, 36.571, 0.135, 0.603, 1.36, 242, 1081, 178, negative
9, 69, 621, 7.667, 0.209, 0.808, 1.38, 130, 502, 94, negative
6, 103, 618, 17.167, 0.248, 0.909, 1.23, 153, 562, 124, negative
25, 495, 12375, 19.8, 0.464, 0.952, 7.33, 5748, 11777, 784, negative
9, 187, 1683, 20.778, 0.42, 0.786, 3.03, 707, 1323, 233, negative
9, 533, 4797, 59.222, 0.166, 0.803, 1.3, 797, 3853, 612, negative
9, 349, 3141, 38.778, 0.125, 0.453, 1.29, 394, 1422, 306, negative
8, 525, 4200, 65.625, 0.095, 0.444, 1.34, 398, 1865, 297, negative
9, 217, 1953, 24.111, 0.168, 0.686, 1.4, 329, 1339, 235, negative
8, 61, 488, 7.625, 0.207, 0.803, 1.31, 101, 392, 77, negative
31, 105, 3255, 3.387, 0.224, 0.417, 5.35, 728, 1358, 136, positive
7, 101, 707, 14.429, 0.501, 0.973, 3.19, 354, 688, 111, negative
9, 270, 2430, 30.0, 0.111, 0.495, 1.27, 270, 1204, 213, negative
9, 492, 4428, 54.667, 0.132, 0.541, 1.22, 583, 2397, 476, negative
7, 62, 434, 8.857, 0.189, 0.756, 1.28, 82, 328, 64, negative
13, 38, 494, 2.923, 0.285, 0.907, 3.62, 141, 448, 39, negative
10, 309, 3090, 30.9, 0.2, 0.73, 1.4, 618, 2257, 441, negative
9, 175, 1575, 19.444, 0.177, 0.624, 1.26, 279, 983, 222, negative
2, 69, 138, 34.5, 0.087, 0.507, 1.2, 12, 70, 10, negative
25, 186, 4650, 7.44, 0.485, 0.942, 7.39, 2253, 4379, 305, negative
8, 57, 456, 7.125, 0.434, 0.958, 2.91, 198, 437, 68, negative
1, 167, 167, 167.0, 0.192, 1.0, 1.03, 32, 167, 31, negative
9, 148, 1332, 16.444, 0.198, 0.77, 1.33, 264, 1025, 198, negative
7, 521, 3647, 74.429, 0.091, 0.386, 1.28, 333, 1409, 260, negative
8, 148, 1184, 18.5, 0.196, 0.718, 1.28, 232, 850, 181, negative
7, 218, 1526, 31.143, 0.142, 0.623, 1.26, 216, 951, 171, negative
7, 143, 1001, 20.429, 0.113, 0.528, 1.47, 113, 529, 77, negative
10, 317, 3170, 31.7, 0.124, 0.484, 1.32, 392, 1535, 298, negative
9, 172, 1548, 19.111, 0.171, 0.731, 1.31, 265, 1131, 202, negative
8, 158, 1264, 19.75, 0.102, 0.346, 1.33, 129, 437, 97, negative
4, 99, 396, 24.75, 0.503, 0.942, 2.4, 199, 373, 83, negative
25, 84, 2100, 3.36, 0.443, 0.82, 8.45, 930, 1722, 110, negative
25, 292, 7300, 11.68, 0.472, 0.915, 7.51, 3448, 6676, 459, negative
29, 32, 928, 1.103, 0.476, 0.72, 7.25, 442, 668, 61, positive
9, 103, 927, 11.444, 0.399, 0.831, 2.98, 370, 770, 124, negative
9, 172, 1548, 19.111, 0.167, 0.678, 1.28, 258, 1050, 202, negative
10, 511, 5110, 51.1, 0.141, 0.529, 1.3, 721, 2701, 555, negative
6, 81, 486, 13.5, 0.282, 0.852, 1.26, 137, 414, 109, negative
9, 268, 2412, 29.778, 0.198, 0.637, 1.36, 478, 1536, 351, negative
2, 535, 1070, 267.5, 0.55, 0.586, 117.8, 589, 627, 5, positive
9, 102, 918, 11.333, 0.357, 0.867, 2.43, 328, 796, 135, negative
2, 536, 1072, 268.0, 0.568, 0.688, 24.36, 609, 737, 25, positive
9, 102, 918, 11.333, 0.18, 0.759, 1.2, 165, 697, 137, negative
1, 22, 22, 22.0, 0.955, 1.0, 21.0, 21, 22, 1, positive
153, 158, 24174, 1.033, 0.587, 0.641, 46.95, 14180, 15491, 302, positive
38, 1, 38, 0.026, 1.0, 1.0, 38.0, 38, 38, 1, positive
11, 20, 220, 1.818, 0.223, 0.373, 2.58, 49, 82, 19, negative
11, 53, 583, 4.818, 0.225, 0.485, 3.45, 131, 283, 38, negative
1, 413, 413, 413.0, 0.998, 1.0, 412.0, 412, 413, 1, positive
58, 3, 174, 0.052, 0.339, 0.345, 59.0, 59, 60, 1, positive
9, 9, 81, 1.0, 0.728, 0.889, 7.38, 59, 72, 8, negative
10, 79, 790, 7.9, 0.306, 0.818, 1.89, 242, 646, 128, negative
14, 27, 378, 1.929, 0.479, 0.709, 7.24, 181, 268, 25, negative
10, 31, 310, 3.1, 0.645, 0.774, 6.67, 200, 240, 30, negative
12, 331, 3972, 27.583, 0.237, 0.535, 2.19, 942, 2125, 431, negative
12, 257, 3084, 21.417, 0.283, 0.615, 3.0, 872, 1898, 291, negative
12, 45, 540, 3.75, 0.467, 0.694, 6.63, 252, 375, 38, negative
12, 320, 3840, 26.667, 0.231, 0.514, 2.06, 888, 1975, 431, negative
1, 136, 136, 136.0, 0.963, 1.0, 32.75, 131, 136, 4, positive
8, 139, 1112, 17.375, 0.16, 0.692, 2.17, 178, 769, 82, negative
14, 402, 5628, 28.714, 0.399, 0.631, 4.75, 2248, 3554, 473, negative
9, 18, 162, 2.0, 0.519, 0.796, 7.64, 84, 129, 11, negative
9, 62, 558, 6.889, 0.403, 0.665, 3.26, 225, 371, 69, negative
1, 117, 117, 117.0, 0.974, 1.0, 38.0, 114, 117, 3, positive
10, 430, 4300, 43.0, 0.351, 0.772, 2.7, 1508, 3318, 559, negative
9, 20, 180, 2.222, 0.55, 0.733, 9.9, 99, 132, 10, negative
9, 82, 738, 9.111, 0.364, 0.839, 2.8, 269, 619, 96, negative
178, 140, 24920, 0.787, 0.574, 0.649, 21.52, 14292, 16177, 664, positive
8, 54, 432, 6.75, 0.537, 0.951, 3.36, 232, 411, 69, negative
1, 14, 14, 14.0, 1.0, 1.0, 14.0, 14, 14, 1, positive
10, 170, 1700, 17.0, 0.499, 0.928, 4.35, 849, 1577, 195, negative
18, 1, 18, 0.056, 1.0, 1.0, 18.0, 18, 18, 1, positive
9, 17, 153, 1.889, 0.608, 0.856, 7.15, 93, 131, 13, negative
9, 86, 774, 9.556, 0.394, 0.705, 2.85, 305, 546, 107, negative
10, 16, 160, 1.6, 0.544, 0.875, 7.25, 87, 140, 12, negative
23, 371, 8533, 16.13, 0.941, 1.0, 16.83, 8027, 8533, 477, negative
12, 272, 3264, 22.667, 0.329, 0.75, 2.74, 1075, 2448, 393, negative
11, 98, 1078, 8.909, 0.378, 0.724, 3.04, 408, 781, 134, negative
14, 433, 6062, 30.929, 0.355, 0.572, 4.44, 2152, 3467, 485, negative
14, 340, 4760, 24.286, 0.344, 0.563, 4.6, 1636, 2682, 356, negative
1, 32, 32, 32.0, 0.469, 1.0, 1.88, 15, 32, 8, positive
9, 17, 153, 1.889, 0.536, 0.915, 6.31, 82, 140, 13, negative
166, 472, 78352, 2.843, 0.359, 0.547, 17.12, 28093, 42821, 1641, positive
13, 133, 1729, 10.231, 0.36, 0.721, 4.9, 622, 1247, 127, negative
9, 250, 2250, 27.778, 0.366, 0.768, 2.6, 823, 1727, 317, negative
11, 154, 1694, 14.0, 0.36, 0.731, 2.96, 609, 1238, 206, negative
17, 350, 5950, 20.588, 0.363, 0.577, 5.22, 2162, 3433, 414, negative
11, 195, 2145, 17.727, 0.358, 0.781, 3.0, 768, 1676, 256, negative
23, 120, 2760, 5.217, 0.942, 1.0, 17.44, 2599, 2760, 149, negative
10, 256, 2560, 25.6, 0.363, 0.765, 2.84, 928, 1959, 327, negative
16, 382, 6112, 23.875, 0.375, 0.6, 5.16, 2292, 3670, 444, negative
16, 309, 4944, 19.313, 0.382, 0.549, 5.38, 1890, 2713, 351, negative
15, 294, 4410, 19.6, 0.395, 0.651, 5.28, 1743, 2872, 330, negative
16, 424, 6784, 26.5, 0.371, 0.719, 5.16, 2518, 4879, 488, negative
12, 10, 120, 0.833, 0.675, 0.783, 11.57, 81, 94, 7, negative
11, 2, 22, 0.182, 0.636, 0.636, 14.0, 14, 14, 1, positive
11, 436, 4796, 39.636, 0.336, 0.755, 2.86, 1612, 3623, 564, negative
8, 48, 384, 6.0, 0.354, 0.901, 1.68, 136, 346, 81, negative
10, 88, 880, 8.8, 0.257, 0.668, 1.82, 226, 588, 124, negative
7, 13, 91, 1.857, 0.67, 0.89, 7.63, 61, 81, 8, negative
8, 1, 8, 0.125, 1.0, 1.0, 8.0, 8, 8, 1, negative
9, 159, 1431, 17.667, 0.249, 0.605, 1.93, 356, 866, 184, negative
8, 206, 1648, 25.75, 0.236, 0.793, 1.64, 389, 1307, 237, negative
6, 184, 1104, 30.667, 0.272, 0.697, 1.54, 300, 770, 195, negative
17, 21, 357, 1.235, 0.373, 0.613, 16.63, 133, 219, 8, negative
7, 227, 1589, 32.429, 0.217, 0.509, 1.6, 345, 809, 215, negative
7, 243, 1701, 34.714, 0.198, 0.48, 1.48, 336, 817, 227, negative
17, 11, 187, 0.647, 0.417, 0.647, 9.75, 78, 121, 8, negative
5, 36, 180, 7.2, 0.211, 0.789, 1.52, 38, 142, 25, negative
5, 118, 590, 23.6, 0.154, 0.497, 1.44, 91, 293, 63, negative
10, 189, 1890, 18.9, 0.263, 0.515, 2.34, 498, 973, 213, negative
6, 60, 360, 10.0, 0.292, 0.822, 1.57, 105, 296, 67, negative
7, 97, 679, 13.857, 0.196, 0.461, 1.68, 133, 313, 79, negative
9, 197, 1773, 21.889, 0.274, 0.699, 1.74, 485, 1240, 278, negative
12, 167, 2004, 13.917, 0.225, 0.752, 1.93, 451, 1507, 234, negative
6, 96, 576, 16.0, 0.335, 0.703, 2.44, 193, 405, 79, negative
5, 82, 410, 16.4, 0.361, 0.802, 2.11, 148, 329, 70, negative
136, 1, 136, 0.007, 0.993, 1.0, 135.0, 135, 136, 1, positive
16, 24, 384, 1.5, 0.44, 0.948, 5.28, 169, 364, 32, negative
5, 97, 485, 19.4, 0.334, 0.831, 1.98, 162, 403, 82, negative
9, 18, 162, 2.0, 0.395, 0.759, 2.78, 64, 123, 23, negative
7, 31, 217, 4.429, 0.336, 0.834, 1.52, 73, 181, 48, negative
1, 63, 63, 63.0, 0.952, 1.0, 20.0, 60, 63, 3, positive
7, 105, 735, 15.0, 0.256, 0.705, 1.69, 188, 518, 111, negative
9, 98, 882, 10.889, 0.285, 0.645, 2.06, 251, 569, 122, negative
6, 21, 126, 3.5, 0.238, 0.738, 1.58, 30, 93, 19, negative
9, 44, 396, 4.889, 0.412, 0.795, 2.47, 163, 315, 66, negative
7, 8, 56, 1.143, 0.214, 0.625, 1.71, 12, 35, 7, negative
7, 8, 56, 1.143, 0.304, 0.768, 1.42, 17, 43, 12, negative
1, 47, 47, 47.0, 0.426, 1.0, 1.05, 20, 47, 19, negative
6, 18, 108, 3.0, 0.343, 0.926, 1.76, 37, 100, 21, negative
7, 31, 217, 4.429, 0.3, 0.88, 1.97, 65, 191, 33, negative
8, 180, 1440, 22.5, 0.199, 0.724, 1.31, 286, 1043, 219, negative
7, 65, 455, 9.286, 0.407, 0.895, 2.18, 185, 407, 85, negative
9, 138, 1242, 15.333, 0.271, 0.609, 1.87, 336, 756, 180, negative
8, 24, 192, 3.0, 0.203, 0.568, 1.7, 39, 109, 23, negative
71, 34, 2414, 0.479, 0.094, 0.273, 1.91, 227, 659, 119, negative
6, 12, 72, 2.0, 0.319, 1.0, 1.53, 23, 72, 15, negative
8, 69, 552, 8.625, 0.216, 0.643, 1.43, 119, 355, 83, negative
23, 20, 460, 0.87, 0.507, 0.672, 21.18, 233, 309, 11, negative
9, 17, 153, 1.889, 0.333, 0.895, 2.13, 51, 137, 24, negative
1, 8, 8, 8.0, 1.0, 1.0, 8.0, 8, 8, 1, positive
13, 188, 2444, 14.462, 0.188, 0.71, 1.67, 460, 1736, 275, negative
12, 274, 3288, 22.833, 0.208, 0.817, 1.65, 685, 2687, 416, negative
10, 20, 200, 2.0, 0.29, 0.795, 2.52, 58, 159, 23, negative
2, 19, 38, 9.5, 0.184, 0.553, 3.5, 7, 21, 2, negative
13, 218, 2834, 16.769, 0.216, 0.737, 1.78, 612, 2090, 344, negative
12, 245, 2940, 20.417, 0.204, 0.797, 1.7, 599, 2342, 353, negative
1, 199, 199, 199.0, 0.945, 1.0, 37.6, 188, 199, 5, positive
41, 67, 2747, 1.634, 0.441, 0.529, 33.67, 1212, 1452, 36, negative
38, 342, 12996, 9.0, 0.275, 0.466, 12.99, 3573, 6053, 275, negative
7, 158, 1106, 22.571, 0.239, 0.952, 1.33, 264, 1053, 198, negative
1, 161, 161, 161.0, 0.41, 1.0, 1.02, 66, 161, 65, positive
7, 65, 455, 9.286, 0.215, 0.798, 1.38, 98, 363, 71, negative
1, 172, 172, 172.0, 0.465, 1.0, 1.04, 80, 172, 77, positive
7, 60, 420, 8.571, 0.286, 0.886, 1.5, 120, 372, 80, negative
6, 326, 1956, 54.333, 0.213, 0.716, 1.29, 416, 1400, 323, negative
5, 12, 60, 2.4, 0.2, 0.583, 2.0, 12, 35, 6, negative
1, 10, 10, 10.0, 1.0, 1.0, 10.0, 10, 10, 1, positive
25, 153, 3825, 6.12, 0.255, 0.611, 2.08, 977, 2338, 470, negative
12, 115, 1380, 9.583, 0.256, 0.572, 1.74, 353, 790, 203, negative
11, 64, 704, 5.818, 0.395, 0.558, 3.35, 278, 393, 83, negative
38, 96, 3648, 2.526, 0.431, 0.836, 3.29, 1574, 3051, 478, negative
38, 69, 2622, 1.816, 0.476, 0.839, 4.27, 1247, 2201, 292, negative
14, 187, 2618, 13.357, 0.265, 0.477, 2.31, 693, 1248, 300, negative
10, 183, 1830, 18.3, 0.267, 0.682, 1.67, 488, 1248, 293, negative
8, 26, 208, 3.25, 0.293, 0.596, 2.03, 61, 124, 30, negative
11, 65, 715, 5.909, 0.178, 0.662, 1.65, 127, 473, 77, negative
10, 165, 1650, 16.5, 0.258, 0.695, 1.65, 426, 1147, 258, negative
11, 119, 1309, 10.818, 0.268, 0.678, 1.72, 351, 887, 204, negative
7, 4, 28, 0.571, 0.714, 0.929, 10.0, 20, 26, 2, negative
7, 41, 287, 5.857, 0.213, 0.801, 1.36, 61, 230, 45, negative
