@relation page-blocks0
@attribute Height integer [1, 804]
@attribute Lenght integer [1, 553]
@attribute Area integer [7, 143993]
@attribute Eccen real [0.007, 537.0]
@attribute P_black real [0.052, 1.0]
@attribute P_and real [0.062, 1.0]
@attribute Mean_tr real [1.0, 4955.0]
@attribute Blackpix integer [1, 33017]
@attribute Blackand integer [7, 46133]
@attribute Wb_trans integer [1, 3212]
@attribute Class {positive, negative}
@inputs Height, Lenght, Area, Eccen, P_black, P_and, Mean_tr, Blackpix, Blackand, Wb_trans
@outputs Class
@data
5, 5, 25, 1.0, 0.4, 0.52, 10.0, 10, 13, 1, negative
11, 8, 88, 0.727, 0.602, 1.0, 5.89, 53, 88, 9, negative
9, 90, 810, 10.0, 0.26, 0.786, 2.18, 211, 637, 97, negative
10, 12, 120, 1.2, 0.367, 1.0, 1.69, 44, 120, 26, negative
10, 34, 340, 3.4, 0.297, 0.885, 1.71, 101, 301, 59, negative
2, 20, 40, 10.0, 0.725, 0.875, 29.0, 29, 35, 1, positive
11, 101, 1111, 9.182, 0.398, 0.888, 2.76, 442, 987, 160, negative
11, 119, 1309, 10.818, 0.236, 0.747, 1.75, 309, 978, 177, negative
10, 44, 440, 4.4, 0.393, 0.852, 3.15, 173, 375, 55, negative
6, 27, 162, 4.5, 0.154, 0.481, 2.78, 25, 78, 9, negative
1, 27, 27, 27.0, 0.593, 1.0, 4.0, 16, 27, 4, negative
1, 12, 12, 12.0, 0.583, 1.0, 3.5, 7, 12, 2, negative
2, 19, 38, 9.5, 0.237, 1.0, 1.8, 9, 38, 5, negative
7, 107, 749, 15.286, 0.27, 0.654, 1.6, 202, 490, 126, negative
11, 7, 77, 0.636, 0.597, 1.0, 5.75, 46, 77, 8, negative
11, 8, 88, 0.727, 0.511, 0.852, 9.0, 45, 75, 5, negative
1, 43, 43, 43.0, 0.907, 1.0, 9.75, 39, 43, 4, positive
9, 36, 324, 4.0, 0.54, 0.929, 2.87, 175, 301, 61, negative
10, 98, 980, 9.8, 0.391, 0.835, 2.41, 383, 818, 159, negative
10, 49, 490, 4.9, 0.52, 0.961, 2.97, 255, 471, 86, negative
9, 34, 306, 3.778, 0.379, 0.961, 1.71, 116, 294, 68, negative
7, 33, 231, 4.714, 0.143, 0.844, 2.36, 33, 195, 14, negative
9, 64, 576, 7.111, 0.465, 0.899, 2.58, 268, 518, 104, negative
8, 8, 64, 1.0, 0.203, 0.344, 4.33, 13, 22, 3, negative
9, 99, 891, 11.0, 0.464, 0.942, 2.52, 413, 839, 164, negative
9, 46, 414, 5.111, 0.292, 0.676, 1.92, 121, 280, 63, negative
2, 157, 314, 78.5, 0.506, 0.551, 26.5, 159, 173, 6, positive
8, 20, 160, 2.5, 0.525, 0.938, 3.5, 84, 150, 24, negative
8, 79, 632, 9.875, 0.375, 0.956, 2.12, 237, 604, 112, negative
10, 64, 640, 6.4, 0.295, 0.808, 2.25, 189, 517, 84, negative
11, 83, 913, 7.545, 0.274, 0.9, 1.71, 250, 822, 146, negative
25, 71, 1775, 2.84, 0.234, 0.748, 2.22, 416, 1328, 187, negative
12, 8, 96, 0.667, 0.198, 1.0, 2.11, 19, 96, 9, negative
8, 45, 360, 5.625, 0.156, 0.725, 1.87, 56, 261, 30, negative
9, 21, 189, 2.333, 0.354, 0.878, 2.68, 67, 166, 25, negative
8, 2, 16, 0.25, 0.563, 0.563, 9.0, 9, 9, 1, negative
12, 118, 1416, 9.833, 0.253, 0.767, 1.95, 358, 1086, 184, negative
306, 465, 142290, 1.52, 0.055, 0.123, 2.69, 7861, 17452, 2925, positive
9, 36, 324, 4.0, 0.552, 0.926, 3.51, 179, 300, 51, negative
10, 98, 980, 9.8, 0.448, 0.881, 2.74, 439, 863, 160, negative
1, 52, 52, 52.0, 0.538, 1.0, 14.0, 28, 52, 2, positive
11, 67, 737, 6.091, 0.331, 0.844, 2.28, 244, 622, 107, negative
10, 79, 790, 7.9, 0.385, 0.88, 2.13, 304, 695, 143, negative
12, 84, 1008, 7.0, 0.282, 0.778, 1.91, 284, 784, 149, negative
8, 82, 656, 10.25, 0.288, 0.997, 1.99, 189, 654, 95, negative
10, 34, 340, 3.4, 0.356, 0.803, 1.83, 121, 273, 66, negative
1, 115, 115, 115.0, 0.2, 1.0, 4.6, 23, 115, 5, positive
1, 11, 11, 11.0, 1.0, 1.0, 11.0, 11, 11, 1, positive
12, 8, 96, 0.667, 0.615, 0.969, 5.9, 59, 93, 10, negative
14, 18, 252, 1.286, 0.159, 0.607, 3.33, 40, 153, 12, negative
9, 24, 216, 2.667, 0.537, 1.0, 2.9, 116, 216, 40, negative
10, 98, 980, 9.8, 0.376, 0.861, 2.1, 368, 844, 175, negative
9, 7, 63, 0.778, 0.349, 0.683, 2.2, 22, 43, 10, negative
10, 37, 370, 3.7, 0.354, 0.708, 3.2, 131, 262, 41, negative
8, 46, 368, 5.75, 0.318, 0.818, 2.09, 117, 301, 56, negative
11, 123, 1353, 11.182, 0.25, 0.514, 1.95, 338, 695, 173, negative
28, 330, 9240, 11.786, 0.057, 0.066, 31.0, 527, 614, 17, positive
212, 464, 98368, 2.189, 0.052, 0.07, 11.84, 5066, 6884, 428, positive
12, 85, 1020, 7.083, 0.305, 0.828, 1.94, 311, 845, 160, negative
23, 26, 598, 1.13, 0.278, 0.96, 1.8, 166, 574, 92, negative
9, 6, 54, 0.667, 0.667, 0.759, 18.0, 36, 41, 2, negative
11, 100, 1100, 9.091, 0.473, 0.882, 3.29, 520, 970, 158, negative
1, 18, 18, 18.0, 0.944, 1.0, 17.0, 17, 18, 1, positive
6, 11, 66, 1.833, 0.197, 0.848, 1.3, 13, 56, 10, negative
8, 53, 424, 6.625, 0.337, 0.889, 1.64, 143, 377, 87, negative
9, 100, 900, 11.111, 0.463, 0.908, 2.92, 417, 817, 143, negative
8, 14, 112, 1.75, 0.268, 0.554, 3.0, 30, 62, 10, negative
7, 58, 406, 8.286, 0.212, 0.842, 2.26, 86, 342, 38, negative
52, 461, 23972, 8.865, 0.192, 0.248, 11.52, 4607, 5938, 400, positive
9, 100, 900, 11.111, 0.276, 0.847, 1.91, 248, 762, 130, negative
11, 43, 473, 3.909, 0.336, 0.753, 2.74, 159, 356, 58, negative
8, 36, 288, 4.5, 0.615, 0.938, 3.22, 177, 270, 55, negative
1, 37, 37, 37.0, 0.811, 1.0, 6.0, 30, 37, 5, positive
9, 42, 378, 4.667, 0.344, 0.931, 2.13, 130, 352, 61, negative
1, 36, 36, 36.0, 0.583, 1.0, 4.2, 21, 36, 5, positive
3, 56, 168, 18.667, 0.065, 0.5, 1.38, 11, 84, 8, negative
25, 300, 7500, 12.0, 0.065, 0.071, 40.33, 484, 531, 12, positive
9, 24, 216, 2.667, 0.356, 0.907, 2.2, 77, 196, 35, negative
9, 99, 891, 11.0, 0.288, 0.801, 1.95, 257, 714, 132, negative
9, 47, 423, 5.222, 0.404, 0.943, 1.99, 171, 399, 86, negative
10, 19, 190, 1.9, 0.363, 0.837, 2.46, 69, 159, 28, negative
10, 100, 1000, 10.0, 0.444, 0.924, 2.64, 444, 924, 168, negative
8, 46, 368, 5.75, 0.315, 0.938, 1.78, 116, 345, 65, negative
1, 35, 35, 35.0, 0.857, 1.0, 10.0, 30, 35, 3, positive
261, 30, 7830, 0.115, 0.063, 0.09, 2.4, 492, 701, 205, positive
11, 9, 99, 0.818, 0.465, 0.687, 5.75, 46, 68, 8, negative
9, 80, 720, 8.889, 0.333, 0.914, 2.09, 240, 658, 115, negative
9, 11, 99, 1.222, 0.343, 1.0, 1.42, 34, 99, 24, negative
8, 83, 664, 10.375, 0.398, 0.94, 2.15, 264, 624, 123, negative
9, 97, 873, 10.778, 0.317, 0.863, 1.76, 277, 753, 157, negative
11, 62, 682, 5.636, 0.218, 0.705, 1.62, 149, 481, 92, negative
1, 84, 84, 84.0, 0.917, 1.0, 19.25, 77, 84, 4, positive
10, 118, 1180, 11.8, 0.277, 0.745, 2.02, 327, 879, 162, negative
9, 43, 387, 4.778, 0.455, 0.899, 2.98, 176, 348, 59, negative
9, 76, 684, 8.444, 0.358, 0.795, 2.19, 245, 544, 112, negative
26, 1, 26, 0.038, 1.0, 1.0, 26.0, 26, 26, 1, positive
13, 65, 845, 5.0, 0.302, 0.677, 2.58, 255, 572, 99, negative
17, 1, 17, 0.059, 1.0, 1.0, 17.0, 17, 17, 1, positive
8, 132, 1056, 16.5, 0.31, 0.861, 1.84, 327, 909, 178, negative
15, 61, 915, 4.067, 0.247, 0.515, 1.87, 226, 471, 121, negative
28, 137, 3836, 4.893, 0.265, 0.564, 5.05, 1016, 2163, 201, negative
11, 63, 693, 5.727, 0.332, 0.724, 2.77, 230, 502, 83, negative
8, 17, 136, 2.125, 0.456, 0.824, 2.38, 62, 112, 26, negative
15, 136, 2040, 9.067, 0.24, 0.748, 2.81, 489, 1526, 174, negative
6, 29, 174, 4.833, 0.333, 0.799, 1.53, 58, 139, 38, negative
12, 80, 960, 6.667, 0.324, 0.673, 2.45, 311, 646, 127, negative
9, 107, 963, 11.889, 0.375, 0.861, 1.94, 361, 829, 186, negative
5, 39, 195, 7.8, 0.41, 0.867, 1.67, 80, 169, 48, negative
8, 190, 1520, 23.75, 0.326, 0.63, 2.22, 495, 957, 223, negative
8, 93, 744, 11.625, 0.324, 0.835, 1.99, 241, 621, 121, negative
11, 29, 319, 2.636, 0.408, 0.765, 3.1, 130, 244, 42, negative
8, 130, 1040, 16.25, 0.36, 0.876, 2.21, 374, 911, 169, negative
6, 50, 300, 8.333, 0.397, 0.713, 2.38, 119, 214, 50, negative
13, 83, 1079, 6.385, 0.373, 0.628, 3.5, 403, 678, 115, negative
10, 124, 1240, 12.4, 0.473, 0.814, 3.43, 587, 1009, 171, negative
13, 121, 1573, 9.308, 0.376, 0.69, 3.72, 591, 1086, 159, negative
10, 90, 900, 9.0, 0.501, 0.868, 3.92, 451, 781, 115, negative
9, 91, 819, 10.111, 0.321, 0.908, 1.95, 263, 744, 135, negative
9, 77, 693, 8.556, 0.486, 0.97, 2.63, 337, 672, 128, negative
12, 84, 1008, 7.0, 0.43, 0.703, 3.52, 433, 709, 123, negative
11, 38, 418, 3.455, 0.328, 0.852, 1.96, 137, 356, 70, negative
8, 27, 216, 3.375, 0.218, 0.852, 2.24, 47, 184, 21, negative
7, 17, 119, 2.429, 0.412, 0.807, 2.58, 49, 96, 19, negative
8, 123, 984, 15.375, 0.255, 0.827, 1.71, 251, 814, 147, negative
9, 42, 378, 4.667, 0.384, 0.817, 2.38, 145, 309, 61, negative
5, 333, 1665, 66.6, 0.374, 0.413, 36.65, 623, 688, 17, positive
10, 35, 350, 3.5, 0.434, 0.803, 2.34, 152, 281, 65, negative
3, 27, 81, 9.0, 0.481, 0.926, 1.77, 39, 75, 22, negative
9, 108, 972, 12.0, 0.389, 0.88, 2.22, 378, 855, 170, negative
12, 10, 120, 0.833, 0.442, 0.792, 5.3, 53, 95, 10, negative
9, 21, 189, 2.333, 0.302, 0.614, 1.9, 57, 116, 30, negative
10, 26, 260, 2.6, 0.312, 0.577, 2.03, 81, 150, 40, negative
9, 271, 2439, 30.111, 0.284, 0.677, 1.93, 692, 1651, 358, negative
9, 272, 2448, 30.222, 0.277, 0.67, 1.86, 679, 1640, 365, negative
4, 5, 20, 1.25, 0.35, 0.8, 2.33, 7, 16, 3, positive
7, 22, 154, 3.143, 0.156, 0.519, 1.6, 24, 80, 15, negative
8, 28, 224, 3.5, 0.299, 0.969, 1.6, 67, 217, 42, negative
7, 5, 35, 0.714, 0.2, 0.429, 7.0, 7, 15, 1, negative
6, 24, 144, 4.0, 0.292, 0.764, 1.56, 42, 110, 27, negative
7, 7, 49, 1.0, 0.429, 1.0, 1.91, 21, 49, 11, negative
10, 271, 2710, 27.1, 0.193, 0.769, 1.28, 524, 2084, 409, negative
10, 197, 1970, 19.7, 0.144, 0.589, 1.25, 284, 1160, 228, negative
10, 271, 2710, 27.1, 0.176, 0.574, 1.39, 476, 1556, 342, negative
7, 11, 77, 1.571, 0.351, 0.87, 1.5, 27, 67, 18, negative
10, 271, 2710, 27.1, 0.168, 0.612, 1.29, 454, 1659, 351, negative
8, 71, 568, 8.875, 0.136, 0.384, 1.31, 77, 218, 59, negative
6, 187, 1122, 31.167, 0.188, 0.591, 1.26, 211, 663, 168, negative
10, 215, 2150, 21.5, 0.133, 0.464, 1.2, 287, 997, 239, negative
8, 263, 2104, 32.875, 0.154, 0.549, 1.19, 325, 1156, 274, negative
5, 18, 90, 3.6, 0.378, 0.956, 1.62, 34, 86, 21, negative
8, 126, 1008, 15.75, 0.188, 0.685, 1.27, 189, 690, 149, negative
7, 128, 896, 18.286, 0.203, 0.663, 1.33, 182, 594, 137, negative
5, 12, 60, 2.4, 0.317, 0.75, 1.46, 19, 45, 13, negative
5, 53, 265, 10.6, 0.223, 0.611, 1.28, 59, 162, 46, negative
5, 8, 40, 1.6, 0.425, 0.975, 1.55, 17, 39, 11, negative
10, 79, 790, 7.9, 0.163, 0.42, 1.25, 129, 332, 103, negative
6, 32, 192, 5.333, 0.292, 0.698, 1.37, 56, 134, 41, negative
14, 29, 406, 2.071, 0.14, 0.502, 1.63, 57, 204, 35, negative
7, 27, 189, 3.857, 0.164, 0.397, 2.58, 31, 75, 12, negative
6, 41, 246, 6.833, 0.232, 0.927, 1.3, 57, 228, 44, negative
6, 7, 42, 1.167, 0.31, 0.786, 1.86, 13, 33, 7, negative
1, 27, 27, 27.0, 0.407, 1.0, 1.83, 11, 27, 6, positive
10, 53, 530, 5.3, 0.215, 0.781, 1.44, 114, 414, 79, negative
7, 6, 42, 0.857, 0.476, 0.881, 1.82, 20, 37, 11, negative
7, 33, 231, 4.714, 0.342, 0.74, 1.49, 79, 171, 53, negative
6, 6, 36, 1.0, 0.361, 0.778, 1.63, 13, 28, 8, negative
9, 21, 189, 2.333, 0.243, 0.757, 1.31, 46, 143, 35, negative
8, 26, 208, 3.25, 0.25, 0.808, 1.37, 52, 168, 38, negative
8, 27, 216, 3.375, 0.208, 0.852, 1.45, 45, 184, 31, negative
7, 4, 28, 0.571, 0.286, 0.964, 8.0, 8, 27, 1, negative
7, 8, 56, 1.143, 0.286, 0.732, 1.78, 16, 41, 9, negative
7, 14, 98, 2.0, 0.388, 0.847, 1.65, 38, 83, 23, negative
7, 41, 287, 5.857, 0.345, 0.777, 1.55, 99, 223, 64, negative
7, 20, 140, 2.857, 0.35, 0.757, 1.58, 49, 106, 31, negative
5, 14, 70, 2.8, 0.414, 0.943, 1.38, 29, 66, 21, negative
7, 43, 301, 6.143, 0.246, 0.947, 1.32, 74, 285, 56, negative
7, 20, 140, 2.857, 0.364, 0.871, 1.46, 51, 122, 35, negative
10, 38, 380, 3.8, 0.195, 0.55, 1.48, 74, 209, 50, negative
7, 29, 203, 4.143, 0.36, 0.936, 1.4, 73, 190, 52, negative
7, 11, 77, 1.571, 0.351, 0.961, 1.35, 27, 74, 20, negative
5, 5, 25, 1.0, 0.52, 1.0, 2.17, 13, 25, 6, negative
7, 9, 63, 1.286, 0.302, 0.905, 1.46, 19, 57, 13, negative
7, 30, 210, 4.286, 0.305, 0.871, 1.64, 64, 183, 39, negative
6, 26, 156, 4.333, 0.34, 0.974, 1.33, 53, 152, 40, negative
9, 49, 441, 5.444, 0.247, 0.721, 1.51, 109, 318, 72, negative
8, 57, 456, 7.125, 0.268, 0.798, 1.45, 122, 364, 84, negative
7, 38, 266, 5.429, 0.259, 0.688, 1.5, 69, 183, 46, negative
5, 6, 30, 1.2, 0.3, 1.0, 1.8, 9, 30, 5, negative
7, 40, 280, 5.714, 0.336, 0.971, 1.57, 94, 272, 60, negative
8, 25, 200, 3.125, 0.285, 0.88, 1.36, 57, 176, 42, negative
7, 13, 91, 1.857, 0.396, 1.0, 1.33, 36, 91, 27, negative
7, 16, 112, 2.286, 0.339, 1.0, 1.41, 38, 112, 27, negative
10, 47, 470, 4.7, 0.198, 0.781, 1.29, 93, 367, 72, negative
7, 20, 140, 2.857, 0.257, 0.879, 1.13, 36, 123, 32, negative
5, 28, 140, 5.6, 0.307, 0.814, 1.3, 43, 114, 33, negative
5, 19, 95, 3.8, 0.442, 0.937, 1.5, 42, 89, 28, negative
7, 35, 245, 5.0, 0.302, 0.939, 1.48, 74, 230, 50, negative
7, 10, 70, 1.429, 0.286, 0.829, 1.33, 20, 58, 15, negative
7, 14, 98, 2.0, 0.214, 0.786, 1.11, 21, 77, 19, negative
7, 7, 49, 1.0, 0.327, 1.0, 1.33, 16, 49, 12, negative
7, 52, 364, 7.429, 0.272, 0.788, 1.22, 99, 287, 81, negative
5, 36, 180, 7.2, 0.406, 0.961, 1.35, 73, 173, 54, negative
9, 37, 333, 4.111, 0.228, 0.586, 1.27, 76, 195, 60, negative
8, 26, 208, 3.25, 0.236, 0.779, 1.26, 49, 162, 39, negative
7, 11, 77, 1.571, 0.299, 0.727, 1.35, 23, 56, 17, negative
7, 16, 112, 2.286, 0.286, 0.955, 1.68, 32, 107, 19, negative
7, 18, 126, 2.571, 0.278, 0.976, 1.35, 35, 123, 26, negative
8, 15, 120, 1.875, 0.267, 0.908, 1.23, 32, 109, 26, negative
9, 19, 171, 2.111, 0.292, 0.684, 1.52, 50, 117, 33, negative
9, 9, 81, 1.0, 0.272, 0.753, 1.38, 22, 61, 16, negative
5, 6, 30, 1.2, 0.433, 0.967, 1.63, 13, 29, 8, negative
5, 21, 105, 4.2, 0.333, 0.79, 1.46, 35, 83, 24, negative
7, 34, 238, 4.857, 0.286, 0.756, 1.36, 68, 180, 50, negative
7, 36, 252, 5.143, 0.278, 0.937, 1.25, 70, 236, 56, negative
10, 251, 2510, 25.1, 0.179, 0.515, 1.37, 449, 1293, 327, negative
7, 6, 42, 0.857, 0.333, 0.643, 1.75, 14, 27, 8, negative
9, 45, 405, 5.0, 0.259, 0.805, 1.4, 105, 326, 75, negative
10, 37, 370, 3.7, 0.154, 0.457, 1.39, 57, 169, 41, negative
7, 26, 182, 3.714, 0.192, 0.626, 1.52, 35, 114, 23, negative
7, 41, 287, 5.857, 0.307, 0.808, 1.52, 88, 232, 58, negative
7, 11, 77, 1.571, 0.416, 0.974, 1.52, 32, 75, 21, negative
9, 44, 396, 4.889, 0.24, 0.775, 1.42, 95, 307, 67, negative
7, 7, 49, 1.0, 0.306, 0.959, 1.67, 15, 47, 9, negative
4, 6, 24, 1.5, 0.542, 1.0, 1.63, 13, 24, 8, negative
7, 45, 315, 6.429, 0.254, 0.708, 1.29, 80, 223, 62, negative
5, 9, 45, 1.8, 0.333, 1.0, 1.88, 15, 45, 8, negative
6, 19, 114, 3.167, 0.289, 0.789, 1.38, 33, 90, 24, negative
7, 11, 77, 1.571, 0.299, 1.0, 1.21, 23, 77, 19, negative
9, 262, 2358, 29.111, 0.209, 0.703, 1.38, 492, 1657, 356, negative
5, 32, 160, 6.4, 0.413, 0.994, 1.35, 66, 159, 49, negative
7, 11, 77, 1.571, 0.299, 0.987, 1.35, 23, 76, 17, negative
8, 17, 136, 2.125, 0.228, 0.882, 1.24, 31, 120, 25, negative
9, 16, 144, 1.778, 0.208, 0.715, 1.5, 30, 103, 20, negative
9, 14, 126, 1.556, 0.238, 0.897, 1.36, 30, 113, 22, negative
9, 50, 450, 5.556, 0.22, 0.691, 1.32, 99, 311, 75, negative
6, 20, 120, 3.333, 0.333, 0.942, 1.21, 40, 113, 33, negative
7, 9, 63, 1.286, 0.302, 0.841, 1.73, 19, 53, 11, negative
7, 11, 77, 1.571, 0.234, 0.675, 1.29, 18, 52, 14, negative
8, 19, 152, 2.375, 0.382, 0.724, 1.93, 58, 110, 30, negative
8, 43, 344, 5.375, 0.398, 0.945, 1.69, 137, 325, 81, negative
10, 33, 330, 3.3, 0.321, 0.852, 2.47, 106, 281, 43, negative
12, 271, 3252, 22.583, 0.248, 0.559, 1.86, 805, 1818, 433, negative
8, 10, 80, 1.25, 0.45, 0.988, 1.71, 36, 79, 21, negative
8, 13, 104, 1.625, 0.423, 0.99, 1.76, 44, 103, 25, negative
8, 30, 240, 3.75, 0.45, 0.788, 2.3, 108, 189, 47, negative
8, 13, 104, 1.625, 0.49, 0.933, 2.32, 51, 97, 22, negative
11, 57, 627, 5.182, 0.295, 0.719, 2.47, 185, 451, 75, negative
9, 59, 531, 6.556, 0.348, 0.829, 2.26, 185, 440, 82, negative
9, 12, 108, 1.333, 0.37, 1.0, 2.0, 40, 108, 20, negative
12, 271, 3252, 22.583, 0.238, 0.571, 1.98, 773, 1857, 391, negative
12, 4, 48, 0.333, 0.292, 1.0, 2.0, 14, 48, 7, positive
9, 20, 180, 2.222, 0.367, 0.9, 2.2, 66, 162, 30, negative
9, 47, 423, 5.222, 0.362, 0.905, 2.01, 153, 383, 76, negative
9, 43, 387, 4.778, 0.344, 0.982, 1.82, 133, 380, 73, negative
11, 272, 2992, 24.727, 0.275, 0.743, 2.1, 824, 2222, 392, negative
8, 8, 64, 1.0, 0.391, 0.781, 2.78, 25, 50, 9, negative
8, 9, 72, 1.125, 0.458, 0.986, 2.2, 33, 71, 15, negative
10, 22, 220, 2.2, 0.377, 0.614, 2.44, 83, 135, 34, negative
9, 36, 324, 4.0, 0.395, 0.673, 2.37, 128, 218, 54, negative
8, 23, 184, 2.875, 0.38, 0.989, 1.75, 70, 182, 40, negative
8, 12, 96, 1.5, 0.427, 0.927, 2.05, 41, 89, 20, negative
9, 35, 315, 3.889, 0.381, 0.806, 2.14, 120, 254, 56, negative
8, 16, 128, 2.0, 0.453, 0.68, 2.9, 58, 87, 20, negative
8, 82, 656, 10.25, 0.402, 0.991, 2.1, 264, 650, 126, negative
11, 13, 143, 1.182, 0.35, 0.783, 2.08, 50, 112, 24, negative
8, 12, 96, 1.5, 0.479, 0.938, 2.3, 46, 90, 20, negative
8, 9, 72, 1.125, 0.528, 0.958, 3.17, 38, 69, 12, negative
8, 26, 208, 3.25, 0.37, 0.654, 2.41, 77, 136, 32, negative
6, 33, 198, 5.5, 0.52, 0.995, 2.24, 103, 197, 46, negative
11, 261, 2871, 23.727, 0.257, 0.644, 2.01, 738, 1849, 368, negative
11, 36, 396, 3.273, 0.283, 0.79, 2.07, 112, 313, 54, negative
8, 21, 168, 2.625, 0.411, 0.994, 2.56, 69, 167, 27, negative
6, 8, 48, 1.333, 0.563, 0.958, 3.38, 27, 46, 8, negative
10, 64, 640, 6.4, 0.189, 0.4, 2.12, 121, 256, 57, negative
8, 47, 376, 5.875, 0.34, 0.753, 2.0, 128, 283, 64, negative
8, 22, 176, 2.75, 0.392, 0.915, 2.56, 69, 161, 27, negative
11, 126, 1386, 11.455, 0.273, 0.649, 2.11, 379, 900, 180, negative
8, 39, 312, 4.875, 0.282, 0.747, 2.0, 88, 233, 44, negative
11, 44, 484, 4.0, 0.314, 0.75, 1.92, 152, 363, 79, negative
8, 15, 120, 1.875, 0.375, 0.85, 1.88, 45, 102, 24, negative
8, 37, 296, 4.625, 0.392, 0.753, 1.93, 116, 223, 60, negative
8, 50, 400, 6.25, 0.405, 0.993, 1.93, 162, 397, 84, negative
8, 19, 152, 2.375, 0.355, 0.954, 2.0, 54, 145, 27, negative
10, 19, 190, 1.9, 0.3, 0.905, 1.68, 57, 172, 34, negative
10, 18, 180, 1.8, 0.294, 0.911, 1.89, 53, 164, 28, negative
8, 25, 200, 3.125, 0.355, 0.78, 1.73, 71, 156, 41, negative
7, 7, 49, 1.0, 0.286, 0.571, 3.5, 14, 28, 4, negative
7, 7, 49, 1.0, 0.265, 0.612, 3.25, 13, 30, 4, negative
11, 261, 2871, 23.727, 0.233, 0.637, 1.75, 668, 1830, 381, negative
11, 154, 1694, 14.0, 0.187, 0.522, 1.94, 317, 884, 163, negative
4, 2, 8, 0.5, 0.875, 0.875, 7.0, 7, 7, 1, negative
7, 10, 70, 1.429, 0.386, 0.914, 2.08, 27, 64, 13, negative
6, 13, 78, 2.167, 0.436, 0.756, 2.27, 34, 59, 15, negative
9, 41, 369, 4.556, 0.336, 0.694, 1.91, 124, 256, 65, negative
4, 10, 40, 2.5, 0.6, 0.8, 4.0, 24, 32, 6, negative
8, 23, 184, 2.875, 0.348, 0.723, 2.0, 64, 133, 32, negative
34, 27, 918, 0.794, 0.219, 0.554, 3.09, 201, 509, 65, positive
36, 43, 1548, 1.194, 0.117, 0.183, 3.07, 181, 283, 59, positive
9, 91, 819, 10.111, 0.161, 0.44, 1.86, 132, 360, 71, negative
9, 9, 81, 1.0, 0.358, 0.728, 2.23, 29, 59, 13, negative
10, 15, 150, 1.5, 0.313, 0.78, 2.24, 47, 117, 21, negative
8, 12, 96, 1.5, 0.531, 0.813, 2.83, 51, 78, 18, negative
7, 20, 140, 2.857, 0.429, 0.993, 2.0, 60, 139, 30, negative
6, 30, 180, 5.0, 0.45, 0.833, 3.12, 81, 150, 26, negative
6, 26, 156, 4.333, 0.519, 0.955, 2.25, 81, 149, 36, negative
5, 19, 95, 3.8, 0.505, 0.8, 2.18, 48, 76, 22, negative
9, 25, 225, 2.778, 0.329, 0.502, 2.55, 74, 113, 29, negative
8, 34, 272, 4.25, 0.36, 0.717, 1.88, 98, 195, 52, negative
8, 12, 96, 1.5, 0.438, 1.0, 2.1, 42, 96, 20, negative
8, 30, 240, 3.75, 0.296, 0.863, 2.09, 71, 207, 34, negative
10, 20, 200, 2.0, 0.32, 0.61, 2.13, 64, 122, 30, negative
11, 64, 704, 5.818, 0.25, 0.597, 2.0, 176, 420, 88, negative
10, 16, 160, 1.6, 0.338, 0.888, 2.08, 54, 142, 26, negative
7, 5, 35, 0.714, 0.486, 0.943, 4.25, 17, 33, 4, negative
7, 7, 49, 1.0, 0.347, 0.633, 2.83, 17, 31, 6, negative
5, 20, 100, 4.0, 0.54, 0.95, 2.35, 54, 95, 23, negative
10, 66, 660, 6.6, 0.27, 0.638, 1.87, 178, 421, 95, negative
7, 20, 140, 2.857, 0.436, 0.736, 2.35, 61, 103, 26, negative
10, 45, 450, 4.5, 0.296, 0.558, 2.25, 133, 251, 59, negative
6, 14, 84, 2.333, 0.536, 1.0, 2.05, 45, 84, 22, negative
8, 34, 272, 4.25, 0.357, 0.75, 1.87, 97, 204, 52, negative
10, 262, 2620, 26.2, 0.274, 0.757, 1.8, 719, 1984, 399, negative
8, 19, 152, 2.375, 0.421, 0.974, 1.83, 64, 148, 35, negative
8, 33, 264, 4.125, 0.326, 0.848, 2.0, 86, 224, 43, negative
11, 175, 1925, 15.909, 0.21, 0.469, 1.98, 405, 902, 205, negative
10, 40, 400, 4.0, 0.295, 0.68, 1.9, 118, 272, 62, negative
9, 15, 135, 1.667, 0.244, 0.83, 1.57, 33, 112, 21, negative
8, 12, 96, 1.5, 0.458, 0.865, 2.1, 44, 83, 21, negative
7, 53, 371, 7.571, 0.342, 0.58, 2.4, 127, 215, 53, negative
7, 13, 91, 1.857, 0.429, 0.945, 2.05, 39, 86, 19, negative
5, 27, 135, 5.4, 0.548, 1.0, 2.18, 74, 135, 34, negative
8, 22, 176, 2.75, 0.426, 1.0, 2.42, 75, 176, 31, negative
6, 7, 42, 1.167, 0.5, 1.0, 1.75, 21, 42, 12, negative
10, 171, 1710, 17.1, 0.126, 0.452, 1.78, 215, 773, 121, negative
10, 45, 450, 4.5, 0.282, 0.718, 1.84, 127, 323, 69, negative
8, 9, 72, 1.125, 0.278, 0.5, 2.86, 20, 36, 7, negative
10, 22, 220, 2.2, 0.332, 0.714, 2.15, 73, 157, 34, negative
8, 3, 24, 0.375, 0.5, 1.0, 3.0, 12, 24, 4, negative
7, 20, 140, 2.857, 0.464, 0.986, 2.32, 65, 138, 28, negative
7, 20, 140, 2.857, 0.336, 0.707, 2.24, 47, 99, 21, negative
7, 6, 42, 0.857, 0.357, 1.0, 1.67, 15, 42, 9, negative
13, 38, 494, 2.923, 0.314, 0.957, 3.6, 155, 473, 43, negative
24, 177, 4248, 7.375, 0.508, 0.927, 8.05, 2157, 3939, 268, negative
8, 82, 656, 10.25, 0.396, 0.713, 2.63, 260, 468, 99, negative
1, 13, 13, 13.0, 0.769, 1.0, 5.0, 10, 13, 2, negative
9, 509, 4581, 56.556, 0.123, 0.501, 1.26, 563, 2297, 448, negative
8, 150, 1200, 18.75, 0.158, 0.594, 1.23, 189, 713, 154, negative
9, 465, 4185, 51.667, 0.157, 0.644, 1.24, 658, 2694, 532, negative
2, 536, 1072, 268.0, 0.498, 0.533, 41.08, 534, 571, 13, positive
8, 69, 552, 8.625, 0.098, 0.344, 1.38, 54, 190, 39, negative
6, 12, 72, 2.0, 0.292, 0.778, 1.62, 21, 56, 13, negative
9, 343, 3087, 38.111, 0.162, 0.677, 1.24, 499, 2091, 401, negative
7, 66, 462, 9.429, 0.171, 0.903, 1.49, 79, 417, 53, negative
2, 536, 1072, 268.0, 0.532, 0.558, 30.0, 570, 598, 19, positive
10, 508, 5080, 50.8, 0.1, 0.343, 1.36, 506, 1742, 372, negative
7, 61, 427, 8.714, 0.319, 0.988, 1.77, 136, 422, 77, negative
8, 150, 1200, 18.75, 0.205, 0.628, 1.32, 246, 753, 187, negative
9, 534, 4806, 59.333, 0.163, 0.633, 1.34, 784, 3043, 585, negative
9, 107, 963, 11.889, 0.191, 0.739, 1.36, 184, 712, 135, negative
10, 249, 2490, 24.9, 0.294, 0.636, 2.32, 731, 1584, 315, negative
8, 62, 496, 7.75, 0.308, 0.948, 1.91, 153, 470, 80, negative
9, 151, 1359, 16.778, 0.184, 0.5, 1.4, 250, 679, 178, negative
9, 279, 2511, 31.0, 0.097, 0.339, 1.34, 243, 851, 181, negative
7, 155, 1085, 22.143, 0.178, 0.614, 1.46, 193, 666, 132, negative
8, 299, 2392, 37.375, 0.186, 0.687, 1.32, 446, 1643, 338, negative
8, 198, 1584, 24.75, 0.215, 0.832, 1.31, 341, 1318, 260, negative
5, 13, 65, 2.6, 0.338, 0.723, 2.2, 22, 47, 10, negative
24, 186, 4464, 7.75, 0.505, 0.989, 7.4, 2256, 4413, 305, negative
7, 96, 672, 13.714, 0.274, 0.982, 1.6, 184, 660, 115, negative
9, 108, 972, 12.0, 0.345, 0.645, 2.45, 335, 627, 137, negative
1, 214, 214, 214.0, 1.0, 1.0, 214.0, 214, 214, 1, positive
10, 86, 860, 8.6, 0.145, 0.637, 1.21, 125, 548, 103, negative
24, 84, 2016, 3.5, 0.474, 0.872, 8.69, 956, 1758, 110, negative
9, 191, 1719, 21.222, 0.328, 0.747, 2.14, 564, 1284, 264, negative
6, 32, 192, 5.333, 0.365, 0.958, 1.67, 70, 184, 42, negative
8, 15, 120, 1.875, 0.25, 0.808, 2.14, 30, 97, 14, negative
11, 511, 5621, 46.455, 0.17, 0.538, 1.42, 956, 3023, 671, negative
9, 129, 1161, 14.333, 0.169, 0.647, 1.41, 196, 751, 139, negative
7, 15, 105, 2.143, 0.4, 0.924, 1.5, 42, 97, 28, negative
8, 15, 120, 1.875, 0.292, 0.808, 1.84, 35, 97, 19, negative
6, 83, 498, 13.833, 0.329, 0.823, 1.58, 164, 410, 104, negative
7, 41, 287, 5.857, 0.254, 0.697, 1.43, 73, 200, 51, negative
7, 13, 91, 1.857, 0.374, 1.0, 1.89, 34, 91, 18, negative
7, 14, 98, 2.0, 0.316, 0.908, 1.94, 31, 89, 16, negative
2, 537, 1074, 268.5, 0.621, 0.747, 16.68, 667, 802, 40, positive
7, 173, 1211, 24.714, 0.207, 0.86, 1.34, 251, 1042, 187, negative
2, 21, 42, 10.5, 0.167, 0.643, 1.4, 7, 27, 5, negative
9, 194, 1746, 21.556, 0.169, 0.597, 1.37, 295, 1043, 215, negative
14, 150, 2100, 10.714, 0.225, 0.681, 4.14, 472, 1430, 114, negative
9, 112, 1008, 12.444, 0.213, 0.835, 1.59, 215, 842, 135, negative
8, 216, 1728, 27.0, 0.408, 0.747, 3.18, 705, 1290, 222, negative
7, 315, 2205, 45.0, 0.056, 0.248, 1.13, 124, 546, 110, negative
9, 99, 891, 11.0, 0.21, 0.778, 1.39, 187, 693, 135, negative
9, 306, 2754, 34.0, 0.213, 0.807, 1.38, 587, 2222, 424, negative
9, 164, 1476, 18.222, 0.189, 0.65, 1.26, 279, 959, 221, negative
9, 61, 549, 6.778, 0.213, 0.683, 1.6, 117, 375, 73, negative
6, 31, 186, 5.167, 0.301, 0.844, 1.65, 56, 157, 34, negative
9, 264, 2376, 29.333, 0.197, 0.656, 1.34, 468, 1558, 349, negative
6, 39, 234, 6.5, 0.192, 0.197, 45.0, 45, 46, 1, positive
9, 38, 342, 4.222, 0.313, 0.62, 2.18, 107, 212, 49, negative
1, 180, 180, 180.0, 0.983, 1.0, 88.5, 177, 180, 2, positive
1, 22, 22, 22.0, 0.818, 1.0, 4.5, 18, 22, 4, positive
1, 11, 11, 11.0, 1.0, 1.0, 11.0, 11, 11, 1, positive
14, 11, 154, 0.786, 0.526, 0.708, 8.1, 81, 109, 10, negative
54, 1, 54, 0.019, 1.0, 1.0, 54.0, 54, 54, 1, positive
22, 1, 22, 0.045, 1.0, 1.0, 22.0, 22, 22, 1, positive
1, 104, 104, 104.0, 0.971, 1.0, 50.5, 101, 104, 2, positive
9, 83, 747, 9.222, 0.371, 0.727, 3.3, 277, 543, 84, negative
1, 36, 36, 36.0, 0.583, 1.0, 5.25, 21, 36, 4, positive
7, 1, 7, 0.143, 1.0, 1.0, 7.0, 7, 7, 1, positive
10, 10, 100, 1.0, 0.5, 0.53, 50.0, 50, 53, 1, negative
10, 18, 180, 1.8, 0.539, 0.811, 8.82, 97, 146, 11, negative
24, 133, 3192, 5.542, 0.907, 0.966, 18.67, 2894, 3085, 155, negative
24, 157, 3768, 6.542, 0.905, 0.958, 18.34, 3411, 3609, 186, negative
14, 321, 4494, 22.929, 0.361, 0.595, 4.71, 1624, 2675, 345, negative
3, 3, 9, 1.0, 0.889, 0.889, 8.0, 8, 8, 1, negative
13, 350, 4550, 26.923, 0.381, 0.589, 4.49, 1732, 2682, 386, negative
11, 1, 11, 0.091, 1.0, 1.0, 11.0, 11, 11, 1, positive
10, 155, 1550, 15.5, 0.314, 0.631, 2.64, 486, 978, 184, negative
1, 27, 27, 27.0, 0.259, 1.0, 1.4, 7, 27, 5, positive
14, 399, 5586, 28.5, 0.383, 0.593, 5.04, 2142, 3315, 425, negative
10, 19, 190, 1.9, 0.568, 0.774, 9.82, 108, 147, 11, negative
11, 141, 1551, 12.818, 0.366, 0.79, 2.85, 567, 1225, 199, negative
3, 4, 12, 1.333, 0.667, 0.667, 8.0, 8, 8, 1, negative
9, 18, 162, 2.0, 0.623, 0.864, 7.77, 101, 140, 13, negative
1, 9, 9, 9.0, 0.889, 1.0, 8.0, 8, 9, 1, positive
9, 83, 747, 9.222, 0.391, 0.795, 3.21, 292, 594, 91, negative
8, 121, 968, 15.125, 0.431, 0.98, 3.11, 417, 949, 134, negative
8, 162, 1296, 20.25, 0.435, 0.936, 3.0, 564, 1213, 188, negative
12, 175, 2100, 14.583, 0.403, 0.774, 4.28, 847, 1625, 198, negative
11, 62, 682, 5.636, 0.353, 0.78, 3.21, 241, 532, 75, negative
10, 19, 190, 1.9, 0.542, 0.768, 7.36, 103, 146, 14, negative
9, 19, 171, 2.111, 0.62, 0.836, 7.57, 106, 143, 14, negative
11, 152, 1672, 13.818, 0.365, 0.764, 2.88, 610, 1278, 212, negative
14, 183, 2562, 13.071, 0.39, 0.681, 4.87, 998, 1745, 205, negative
12, 383, 4596, 31.917, 0.307, 0.603, 2.91, 1409, 2771, 485, negative
6, 54, 324, 9.0, 0.549, 0.96, 3.36, 178, 311, 53, negative
9, 83, 747, 9.222, 0.351, 0.726, 2.94, 262, 542, 89, negative
8, 272, 2176, 34.0, 0.359, 0.848, 2.7, 781, 1846, 289, negative
9, 152, 1368, 16.889, 0.379, 0.765, 2.77, 518, 1047, 187, negative
13, 267, 3471, 20.538, 0.401, 0.662, 4.87, 1392, 2299, 286, negative
10, 19, 190, 1.9, 0.6, 0.895, 8.14, 114, 170, 14, negative
9, 19, 171, 2.111, 0.55, 0.86, 7.23, 94, 147, 13, negative
10, 17, 170, 1.7, 0.535, 0.853, 7.58, 91, 145, 12, negative
9, 249, 2241, 27.667, 0.346, 0.77, 2.54, 776, 1725, 306, negative
27, 267, 7209, 9.889, 0.362, 0.674, 4.36, 2610, 4860, 599, negative
16, 427, 6832, 26.688, 0.4, 0.632, 5.56, 2736, 4316, 492, negative
11, 198, 2178, 18.0, 0.383, 0.773, 2.9, 834, 1683, 288, negative
72, 96, 6912, 1.333, 0.488, 0.582, 15.69, 3374, 4025, 215, positive
39, 353, 13767, 9.051, 0.557, 0.608, 16.89, 7667, 8370, 454, negative
163, 161, 26243, 0.988, 0.523, 0.897, 8.4, 13725, 23547, 1634, positive
9, 82, 738, 9.111, 0.337, 0.821, 2.49, 249, 606, 100, negative
9, 87, 783, 9.667, 0.444, 0.962, 2.37, 348, 753, 147, negative
11, 161, 1771, 14.636, 0.333, 0.65, 2.71, 589, 1152, 217, negative
16, 337, 5392, 21.063, 0.363, 0.598, 5.19, 1956, 3225, 377, negative
12, 22, 264, 1.833, 0.538, 0.852, 8.35, 142, 225, 17, negative
23, 137, 3151, 5.957, 0.855, 0.934, 16.64, 2695, 2943, 162, negative
24, 334, 8016, 13.917, 0.894, 0.966, 14.3, 7164, 7740, 501, negative
12, 22, 264, 1.833, 0.542, 0.784, 8.94, 143, 207, 16, negative
16, 405, 6480, 25.313, 0.382, 0.596, 5.3, 2476, 3863, 467, negative
16, 376, 6016, 23.5, 0.371, 0.58, 5.57, 2232, 3490, 401, negative
11, 22, 242, 2.0, 0.632, 0.864, 8.05, 153, 209, 19, negative
8, 94, 752, 11.75, 0.485, 0.922, 3.07, 365, 693, 119, negative
16, 243, 3888, 15.188, 0.394, 0.709, 5.5, 1530, 2756, 278, negative
9, 230, 2070, 25.556, 0.399, 0.87, 2.63, 826, 1800, 314, negative
9, 150, 1350, 16.667, 0.284, 0.756, 1.76, 384, 1020, 218, negative
7, 13, 91, 1.857, 0.791, 0.978, 6.0, 72, 89, 12, negative
10, 268, 2680, 26.8, 0.494, 0.754, 6.02, 1325, 2022, 220, negative
8, 13, 104, 1.625, 0.625, 0.817, 5.91, 65, 85, 11, negative
9, 163, 1467, 18.111, 0.264, 0.51, 2.98, 387, 748, 130, negative
7, 5, 35, 0.714, 0.829, 0.829, 29.0, 29, 29, 1, negative
87, 116, 10092, 1.333, 0.406, 0.416, 104.95, 4093, 4194, 39, negative
59, 84, 4956, 1.424, 0.659, 0.71, 148.36, 3264, 3517, 22, negative
7, 243, 1701, 34.714, 0.219, 0.528, 1.62, 372, 898, 230, negative
4, 18, 72, 4.5, 0.181, 0.778, 6.5, 13, 56, 2, negative
4, 19, 76, 4.75, 0.421, 0.921, 1.78, 32, 70, 18, negative
8, 95, 760, 11.875, 0.187, 0.645, 1.34, 142, 490, 106, negative
7, 145, 1015, 20.714, 0.207, 0.658, 1.5, 210, 668, 140, negative
17, 24, 408, 1.412, 0.4, 0.838, 4.79, 163, 342, 34, negative
8, 231, 1848, 28.875, 0.21, 0.543, 1.65, 389, 1003, 236, negative
5, 17, 85, 3.4, 0.376, 0.741, 2.91, 32, 63, 11, negative
17, 23, 391, 1.353, 0.373, 0.621, 10.43, 146, 243, 14, negative
9, 169, 1521, 18.778, 0.26, 0.619, 1.82, 396, 942, 217, negative
9, 100, 900, 11.111, 0.247, 0.637, 1.83, 222, 573, 121, negative
3, 541, 1623, 180.33, 0.71, 0.747, 88.62, 1152, 1213, 13, positive
14, 284, 3976, 20.286, 0.236, 0.698, 2.24, 938, 2777, 419, negative
7, 50, 350, 7.143, 0.266, 0.74, 1.45, 93, 259, 64, negative
7, 19, 133, 2.714, 0.286, 0.632, 1.65, 38, 84, 23, negative
10, 282, 2820, 28.2, 0.191, 0.701, 1.43, 540, 1977, 378, negative
4, 96, 384, 24.0, 0.417, 0.753, 2.19, 160, 289, 73, negative
4, 69, 276, 17.25, 0.377, 0.96, 1.82, 104, 265, 57, negative
5, 96, 480, 19.2, 0.329, 0.717, 2.14, 158, 344, 74, negative
6, 96, 576, 16.0, 0.293, 0.724, 2.09, 169, 417, 81, negative
6, 94, 564, 15.667, 0.326, 0.862, 2.02, 184, 486, 91, negative
64, 73, 4672, 1.141, 0.403, 0.445, 72.38, 1882, 2077, 26, positive
63, 79, 4977, 1.254, 0.338, 0.345, 186.78, 1681, 1718, 9, positive
11, 32, 352, 2.909, 0.264, 0.5, 3.1, 93, 176, 30, negative
1, 20, 20, 20.0, 0.75, 1.0, 3.0, 15, 20, 5, positive
7, 31, 217, 4.429, 0.382, 0.811, 1.84, 83, 176, 45, negative
9, 151, 1359, 16.778, 0.185, 0.566, 1.39, 251, 769, 181, negative
10, 88, 880, 8.8, 0.248, 0.49, 2.16, 218, 431, 101, negative
7, 4, 28, 0.571, 0.429, 0.714, 2.4, 12, 20, 5, negative
7, 17, 119, 2.429, 0.16, 0.739, 1.73, 19, 88, 11, negative
5, 58, 290, 11.6, 0.09, 0.259, 1.18, 26, 75, 22, negative
7, 6, 42, 0.857, 0.286, 0.857, 1.71, 12, 36, 7, negative
8, 30, 240, 3.75, 0.242, 0.821, 1.53, 58, 197, 38, negative
7, 34, 238, 4.857, 0.223, 0.916, 1.33, 53, 218, 40, negative
7, 34, 238, 4.857, 0.252, 1.0, 1.43, 60, 238, 42, negative
10, 285, 2850, 28.5, 0.175, 0.598, 1.58, 499, 1703, 315, negative
5, 6, 30, 1.2, 0.233, 1.0, 1.4, 7, 30, 5, negative
5, 16, 80, 3.2, 0.25, 0.938, 2.0, 20, 75, 10, negative
7, 27, 189, 3.857, 0.259, 0.688, 1.44, 49, 130, 34, negative
7, 40, 280, 5.714, 0.229, 0.682, 1.25, 64, 191, 51, negative
6, 40, 240, 6.667, 0.221, 0.621, 1.43, 53, 149, 37, negative
7, 96, 672, 13.714, 0.271, 0.688, 1.54, 182, 462, 118, negative
7, 10, 70, 1.429, 0.286, 0.771, 2.22, 20, 54, 9, negative
5, 18, 90, 3.6, 0.322, 1.0, 1.45, 29, 90, 20, negative
19, 12, 228, 0.632, 0.303, 0.439, 7.67, 69, 100, 9, negative
1, 283, 283, 283.0, 0.993, 1.0, 140.5, 281, 283, 2, positive
1, 16, 16, 16.0, 0.938, 1.0, 15.0, 15, 16, 1, positive
12, 302, 3624, 25.167, 0.199, 0.795, 1.68, 721, 2880, 429, negative
10, 94, 940, 9.4, 0.286, 1.0, 1.78, 269, 940, 151, negative
13, 311, 4043, 23.923, 0.216, 0.759, 1.63, 873, 3069, 537, negative
3, 463, 1389, 154.33, 0.296, 0.382, 13.7, 411, 531, 30, positive
13, 377, 4901, 29.0, 0.178, 0.746, 1.59, 872, 3655, 548, negative
1, 277, 277, 277.0, 0.993, 1.0, 137.5, 275, 277, 2, positive
3, 259, 777, 86.333, 0.96, 0.978, 67.82, 746, 760, 11, positive
9, 311, 2799, 34.556, 0.163, 0.582, 1.34, 456, 1629, 340, negative
7, 35, 245, 5.0, 0.188, 0.849, 1.21, 46, 208, 38, negative
9, 268, 2412, 29.778, 0.132, 0.534, 1.24, 319, 1288, 258, negative
8, 183, 1464, 22.875, 0.185, 0.76, 1.43, 271, 1112, 190, negative
7, 95, 665, 13.571, 0.268, 0.929, 1.56, 178, 618, 114, negative
7, 86, 602, 12.286, 0.281, 0.958, 1.55, 169, 577, 109, negative
7, 346, 2422, 49.429, 0.173, 0.716, 1.23, 418, 1733, 341, negative
7, 346, 2422, 49.429, 0.167, 0.707, 1.19, 404, 1712, 339, negative
20, 32, 640, 1.6, 0.43, 0.555, 21.15, 275, 355, 13, negative
28, 45, 1260, 1.607, 0.368, 0.54, 7.86, 464, 680, 59, negative
6, 4, 24, 0.667, 0.417, 0.5, 5.0, 10, 12, 2, negative
10, 36, 360, 3.6, 0.356, 0.672, 2.33, 128, 242, 55, negative
12, 28, 336, 2.333, 0.265, 0.592, 3.07, 89, 199, 29, negative
11, 5, 55, 0.455, 0.655, 0.727, 12.0, 36, 40, 3, negative
2, 24, 48, 12.0, 0.354, 1.0, 3.4, 17, 48, 5, positive
2, 199, 398, 99.5, 0.485, 0.508, 32.17, 193, 202, 6, positive
14, 141, 1974, 10.071, 0.278, 0.67, 2.29, 549, 1323, 240, negative
7, 1, 7, 0.143, 1.0, 1.0, 7.0, 7, 7, 1, positive
14, 125, 1750, 8.929, 0.289, 0.734, 2.21, 505, 1285, 228, negative
4, 524, 2096, 131.0, 0.542, 0.603, 40.57, 1136, 1264, 28, positive
