@relation page-blocks0
@attribute Height integer [1, 804]
@attribute Lenght integer [1, 553]
@attribute Area integer [7, 143993]
@attribute Eccen real [0.007, 537.0]
@attribute P_black real [0.052, 1.0]
@attribute P_and real [0.062, 1.0]
@attribute Mean_tr real [1.0, 4955.0]
@attribute Blackpix integer [1, 33017]
@attribute Blackand integer [7, 46133]
@attribute Wb_trans integer [1, 3212]
@attribute Class {positive, negative}
@inputs Height, Lenght, Area, Eccen, P_black, P_and, Mean_tr, Blackpix, Blackand, Wb_trans
@outputs Class
@data
5, 3, 15, 0.6, 0.533, 0.733, 8.0, 8, 11, 1, negative
5, 7, 35, 1.4, 0.429, 0.857, 5.0, 15, 30, 3, negative
5, 19, 95, 3.8, 0.232, 0.4, 5.5, 22, 38, 4, negative
11, 8, 88, 0.727, 0.409, 0.477, 36.0, 36, 42, 1, negative
3, 59, 177, 19.667, 0.475, 0.475, 84.0, 84, 84, 1, positive
2, 20, 40, 10.0, 0.675, 0.675, 27.0, 27, 27, 1, positive
9, 37, 333, 4.111, 0.532, 0.913, 3.22, 177, 304, 55, negative
2, 18, 36, 9.0, 0.806, 0.833, 29.0, 29, 30, 1, positive
10, 66, 660, 6.6, 0.273, 0.661, 1.94, 180, 436, 93, negative
9, 80, 720, 8.889, 0.333, 0.878, 2.02, 240, 632, 119, negative
12, 56, 672, 4.667, 0.256, 0.827, 2.02, 172, 556, 85, negative
12, 14, 168, 1.167, 0.357, 0.958, 2.31, 60, 161, 26, negative
9, 32, 288, 3.556, 0.271, 0.594, 2.23, 78, 171, 35, negative
3, 116, 348, 38.667, 0.385, 0.494, 33.5, 134, 172, 4, positive
2, 48, 96, 24.0, 0.625, 0.677, 30.0, 60, 65, 2, positive
9, 37, 333, 4.111, 0.526, 0.898, 3.18, 175, 299, 55, negative
1, 8, 8, 8.0, 1.0, 1.0, 8.0, 8, 8, 1, positive
14, 185, 2590, 13.214, 0.254, 0.651, 2.27, 657, 1687, 289, negative
2, 11, 22, 5.5, 0.409, 0.955, 9.0, 9, 21, 1, negative
11, 9, 99, 0.818, 0.485, 0.727, 6.0, 48, 72, 8, negative
11, 84, 924, 7.636, 0.262, 0.82, 1.69, 242, 758, 143, negative
9, 99, 891, 11.0, 0.27, 0.818, 1.93, 241, 729, 125, negative
12, 26, 312, 2.167, 0.221, 1.0, 1.6, 69, 312, 43, negative
9, 36, 324, 4.0, 0.568, 0.932, 3.02, 184, 302, 61, negative
11, 301, 3311, 27.364, 0.308, 0.735, 2.22, 1019, 2435, 458, negative
7, 122, 854, 17.429, 0.281, 0.626, 1.73, 240, 535, 139, negative
9, 36, 324, 4.0, 0.549, 0.914, 3.3, 178, 296, 54, negative
10, 96, 960, 9.6, 0.418, 0.886, 2.49, 401, 851, 161, negative
9, 49, 441, 5.444, 0.594, 0.998, 3.05, 262, 440, 86, negative
9, 37, 333, 4.111, 0.381, 0.808, 2.05, 127, 269, 62, negative
8, 67, 536, 8.375, 0.381, 0.746, 2.49, 204, 400, 82, negative
10, 81, 810, 8.1, 0.279, 0.81, 2.11, 226, 656, 107, negative
8, 6, 48, 0.75, 0.5, 0.646, 8.0, 24, 31, 3, negative
10, 65, 650, 6.5, 0.445, 0.911, 2.58, 289, 592, 112, negative
8, 45, 360, 5.625, 0.367, 0.897, 2.44, 132, 323, 54, negative
14, 339, 4746, 24.214, 0.248, 0.547, 2.44, 1175, 2596, 481, negative
44, 3, 132, 0.068, 0.598, 0.841, 2.47, 79, 111, 32, positive
42, 7, 294, 0.167, 0.282, 0.432, 2.18, 83, 127, 38, positive
3, 7, 21, 2.333, 0.619, 0.619, 13.0, 13, 13, 1, negative
6, 17, 102, 2.833, 0.275, 0.824, 2.0, 28, 84, 14, negative
11, 35, 385, 3.182, 0.335, 0.584, 4.78, 129, 225, 27, negative
10, 33, 330, 3.3, 0.367, 0.864, 1.95, 121, 285, 62, negative
9, 82, 738, 9.111, 0.379, 0.879, 2.35, 280, 649, 119, negative
11, 43, 473, 3.909, 0.334, 0.875, 2.47, 158, 414, 64, negative
9, 36, 324, 4.0, 0.611, 0.926, 3.36, 198, 300, 59, negative
10, 40, 400, 4.0, 0.428, 0.895, 3.05, 171, 358, 56, negative
9, 47, 423, 5.222, 0.385, 0.917, 2.51, 163, 388, 65, negative
8, 28, 224, 3.5, 0.259, 0.844, 1.93, 58, 189, 30, negative
10, 21, 210, 2.1, 0.348, 0.757, 3.17, 73, 159, 23, negative
9, 7, 63, 0.778, 0.302, 0.603, 1.9, 19, 38, 10, negative
11, 125, 1375, 11.364, 0.432, 0.804, 3.03, 594, 1105, 196, negative
10, 43, 430, 4.3, 0.458, 0.94, 3.58, 197, 404, 55, negative
10, 48, 480, 4.8, 0.331, 0.742, 2.37, 159, 356, 67, negative
9, 44, 396, 4.889, 0.449, 0.879, 2.97, 178, 348, 60, negative
11, 9, 99, 0.818, 0.515, 0.768, 8.5, 51, 76, 6, negative
9, 36, 324, 4.0, 0.506, 0.901, 2.83, 164, 292, 58, negative
9, 78, 702, 8.667, 0.329, 0.896, 2.1, 231, 629, 110, negative
8, 36, 288, 4.5, 0.465, 0.885, 2.13, 134, 255, 63, negative
12, 90, 1080, 7.5, 0.183, 0.716, 1.92, 198, 773, 103, negative
1, 13, 13, 13.0, 0.692, 1.0, 3.0, 9, 13, 3, positive
8, 36, 288, 4.5, 0.559, 0.944, 3.04, 161, 272, 53, negative
9, 126, 1134, 14.0, 0.466, 0.907, 2.84, 528, 1029, 186, negative
8, 40, 320, 5.0, 0.409, 0.997, 2.22, 131, 319, 59, negative
9, 45, 405, 5.0, 0.447, 0.896, 3.23, 181, 363, 56, negative
7, 35, 245, 5.0, 0.482, 0.841, 2.81, 118, 206, 42, negative
9, 122, 1098, 13.556, 0.333, 0.829, 2.54, 366, 910, 144, negative
3, 14, 42, 4.667, 0.381, 0.881, 3.2, 16, 37, 5, negative
9, 21, 189, 2.333, 0.317, 0.778, 2.61, 60, 147, 23, negative
9, 32, 288, 3.556, 0.354, 0.806, 1.7, 102, 232, 60, negative
9, 92, 828, 10.222, 0.35, 0.917, 2.07, 290, 759, 140, negative
9, 52, 468, 5.778, 0.37, 0.996, 1.71, 173, 466, 101, negative
6, 7, 42, 1.167, 0.238, 0.69, 10.0, 10, 29, 1, positive
9, 40, 360, 4.444, 0.386, 0.889, 2.44, 139, 320, 57, negative
2, 14, 28, 7.0, 0.286, 0.821, 8.0, 8, 23, 1, positive
9, 39, 351, 4.333, 0.444, 0.923, 2.74, 156, 324, 57, negative
9, 81, 729, 9.0, 0.357, 0.863, 2.22, 260, 629, 117, negative
10, 67, 670, 6.7, 0.3, 0.745, 2.14, 201, 499, 94, negative
9, 99, 891, 11.0, 0.312, 0.826, 2.16, 278, 736, 129, negative
12, 83, 996, 6.917, 0.253, 0.756, 1.75, 252, 753, 144, negative
9, 21, 189, 2.333, 0.323, 0.81, 1.79, 61, 153, 34, negative
9, 32, 288, 3.556, 0.299, 0.691, 2.1, 86, 199, 41, negative
8, 41, 328, 5.125, 0.393, 0.976, 2.19, 129, 320, 59, negative
14, 301, 4214, 21.5, 0.257, 0.564, 2.37, 1084, 2378, 458, negative
10, 130, 1300, 13.0, 0.453, 0.822, 2.78, 589, 1069, 212, negative
8, 21, 168, 2.625, 0.208, 0.762, 2.92, 35, 128, 12, negative
8, 3, 24, 0.375, 0.458, 0.708, 2.75, 11, 17, 4, negative
10, 8, 80, 0.8, 0.675, 1.0, 9.0, 54, 80, 6, negative
1, 69, 69, 69.0, 0.841, 1.0, 8.29, 58, 69, 7, positive
9, 20, 180, 2.222, 0.3, 0.972, 1.74, 54, 175, 31, negative
9, 63, 567, 7.0, 0.289, 0.778, 1.98, 164, 441, 83, negative
9, 36, 324, 4.0, 0.531, 0.938, 2.82, 172, 304, 61, negative
10, 100, 1000, 10.0, 0.41, 0.846, 2.81, 410, 846, 146, negative
10, 116, 1160, 11.6, 0.273, 0.797, 1.7, 317, 925, 186, negative
12, 230, 2760, 19.167, 0.164, 0.57, 3.48, 453, 1572, 130, negative
6, 43, 258, 7.167, 0.205, 0.69, 1.77, 53, 178, 30, negative
10, 48, 480, 4.8, 0.313, 0.76, 2.5, 150, 365, 60, negative
9, 37, 333, 4.111, 0.453, 0.964, 2.7, 151, 321, 56, negative
13, 217, 2821, 16.692, 0.361, 0.686, 3.05, 1019, 1934, 334, negative
12, 168, 2016, 14.0, 0.255, 0.719, 2.1, 515, 1449, 245, negative
10, 121, 1210, 12.1, 0.37, 0.873, 2.41, 448, 1056, 186, negative
12, 118, 1416, 9.833, 0.309, 0.726, 2.42, 438, 1028, 181, negative
14, 1, 14, 0.071, 1.0, 1.0, 14.0, 14, 14, 1, positive
7, 29, 203, 4.143, 0.266, 0.813, 2.7, 54, 165, 20, negative
5, 17, 85, 3.4, 0.471, 0.929, 2.35, 40, 79, 17, negative
8, 72, 576, 9.0, 0.399, 0.811, 2.25, 230, 467, 102, negative
8, 14, 112, 1.75, 0.518, 0.964, 3.22, 58, 108, 18, negative
6, 114, 684, 19.0, 0.278, 0.741, 1.76, 190, 507, 108, negative
7, 181, 1267, 25.857, 0.316, 0.758, 1.65, 400, 961, 242, negative
7, 71, 497, 10.143, 0.394, 0.958, 1.87, 196, 476, 105, negative
8, 133, 1064, 16.625, 0.272, 0.825, 1.78, 289, 878, 162, negative
6, 100, 600, 16.667, 0.345, 0.795, 1.68, 207, 477, 123, negative
10, 35, 350, 3.5, 0.337, 0.714, 1.87, 118, 250, 63, negative
12, 89, 1068, 7.417, 0.429, 0.879, 3.5, 458, 939, 131, negative
12, 129, 1548, 10.75, 0.303, 0.711, 2.51, 469, 1100, 187, negative
7, 14, 98, 2.0, 0.49, 0.939, 2.53, 48, 92, 19, negative
7, 27, 189, 3.857, 0.344, 1.0, 1.97, 65, 189, 33, negative
22, 71, 1562, 3.227, 0.519, 0.843, 11.25, 810, 1317, 72, negative
11, 35, 385, 3.182, 0.351, 0.652, 2.25, 135, 251, 60, negative
9, 42, 378, 4.667, 0.378, 0.841, 2.65, 143, 318, 54, negative
9, 9, 81, 1.0, 0.63, 0.802, 5.1, 51, 65, 10, negative
5, 39, 195, 7.8, 0.492, 0.872, 2.46, 96, 170, 39, negative
22, 69, 1518, 3.136, 0.516, 0.848, 10.59, 784, 1287, 74, negative
6, 101, 606, 16.833, 0.411, 0.876, 1.93, 249, 531, 129, negative
12, 498, 5976, 41.5, 0.307, 0.639, 2.44, 1833, 3818, 752, negative
9, 13, 117, 1.444, 0.564, 0.863, 3.88, 66, 101, 17, negative
12, 25, 300, 2.083, 0.32, 0.643, 2.59, 96, 193, 37, negative
8, 74, 592, 9.25, 0.412, 0.845, 2.14, 244, 500, 114, negative
7, 191, 1337, 27.286, 0.307, 0.748, 1.66, 411, 1000, 247, negative
8, 61, 488, 7.625, 0.316, 0.967, 2.03, 154, 472, 76, negative
10, 75, 750, 7.5, 0.451, 0.86, 2.84, 338, 645, 119, negative
10, 121, 1210, 12.1, 0.415, 0.879, 2.61, 502, 1063, 192, negative
11, 90, 990, 8.182, 0.362, 0.808, 2.82, 358, 800, 127, negative
12, 69, 828, 5.75, 0.4, 0.74, 3.48, 331, 613, 95, negative
10, 121, 1210, 12.1, 0.402, 0.849, 2.7, 486, 1027, 180, negative
4, 65, 260, 16.25, 0.296, 0.631, 2.66, 77, 164, 29, negative
7, 389, 2723, 55.571, 0.167, 0.584, 1.19, 455, 1591, 381, negative
10, 197, 1970, 19.7, 0.245, 0.751, 1.87, 482, 1479, 258, negative
10, 272, 2720, 27.2, 0.279, 0.789, 1.98, 758, 2147, 382, negative
10, 271, 2710, 27.1, 0.267, 0.698, 1.96, 724, 1892, 369, negative
5, 9, 45, 1.8, 0.178, 0.533, 1.6, 8, 24, 5, positive
10, 60, 600, 6.0, 0.203, 0.595, 1.44, 122, 357, 85, negative
6, 12, 72, 2.0, 0.139, 0.514, 1.43, 10, 37, 7, positive
81, 49, 3969, 0.605, 0.113, 0.398, 2.26, 449, 1580, 199, positive
2, 49, 98, 24.5, 0.51, 0.51, 50.0, 50, 50, 1, positive
7, 10, 70, 1.429, 0.286, 0.886, 1.82, 20, 62, 11, negative
7, 11, 77, 1.571, 0.351, 0.87, 1.8, 27, 67, 15, negative
10, 236, 2360, 23.6, 0.183, 0.572, 1.31, 432, 1349, 330, negative
7, 38, 266, 5.429, 0.308, 0.789, 1.55, 82, 210, 53, negative
8, 271, 2168, 33.875, 0.217, 0.786, 1.29, 470, 1704, 364, negative
8, 98, 784, 12.25, 0.282, 0.864, 1.42, 221, 677, 156, negative
11, 271, 2981, 24.636, 0.162, 0.542, 1.36, 483, 1616, 355, negative
10, 47, 470, 4.7, 0.223, 0.706, 1.62, 105, 332, 65, negative
10, 234, 2340, 23.4, 0.188, 0.614, 1.38, 441, 1437, 319, negative
10, 271, 2710, 27.1, 0.187, 0.602, 1.35, 508, 1632, 375, negative
9, 175, 1575, 19.444, 0.19, 0.568, 1.35, 299, 894, 221, negative
804, 11, 8844, 0.014, 0.191, 0.233, 15.64, 1689, 2058, 108, positive
5, 13, 65, 2.6, 0.308, 0.831, 1.82, 20, 54, 11, negative
9, 29, 261, 3.222, 0.234, 0.709, 1.3, 61, 185, 47, negative
4, 18, 72, 4.5, 0.333, 0.667, 1.71, 24, 48, 14, negative
1, 114, 114, 114.0, 0.939, 1.0, 21.4, 107, 114, 5, positive
10, 12, 120, 1.2, 0.183, 0.392, 2.2, 22, 47, 10, negative
4, 12, 48, 3.0, 0.146, 1.0, 1.0, 7, 48, 7, negative
10, 58, 580, 5.8, 0.081, 0.224, 1.62, 47, 130, 29, negative
7, 182, 1274, 26.0, 0.203, 0.62, 1.27, 259, 790, 204, negative
9, 18, 162, 2.0, 0.278, 0.716, 1.67, 45, 116, 27, negative
7, 125, 875, 17.857, 0.27, 0.858, 1.4, 236, 751, 168, negative
7, 16, 112, 2.286, 0.304, 0.696, 1.36, 34, 78, 25, negative
7, 49, 343, 7.0, 0.318, 0.735, 1.54, 109, 252, 71, negative
7, 38, 266, 5.429, 0.301, 0.85, 1.45, 80, 226, 55, negative
7, 9, 63, 1.286, 0.365, 0.857, 1.77, 23, 54, 13, negative
7, 29, 203, 4.143, 0.305, 0.837, 1.48, 62, 170, 42, negative
8, 81, 648, 10.125, 0.221, 0.591, 1.29, 143, 383, 111, negative
5, 15, 75, 3.0, 0.36, 0.933, 1.35, 27, 70, 20, negative
7, 87, 609, 12.429, 0.232, 0.589, 1.27, 141, 359, 111, negative
6, 11, 66, 1.833, 0.303, 0.712, 1.54, 20, 47, 13, negative
7, 11, 77, 1.571, 0.351, 0.922, 1.59, 27, 71, 17, negative
9, 49, 441, 5.444, 0.272, 0.791, 1.38, 120, 349, 87, negative
7, 14, 98, 2.0, 0.337, 0.98, 1.83, 33, 96, 18, negative
6, 33, 198, 5.5, 0.268, 0.848, 1.39, 53, 168, 38, negative
8, 16, 128, 2.0, 0.234, 0.922, 1.58, 30, 118, 19, negative
6, 10, 60, 1.667, 0.333, 0.75, 1.54, 20, 45, 13, negative
9, 49, 441, 5.444, 0.222, 0.687, 1.27, 98, 303, 77, negative
7, 17, 119, 2.429, 0.353, 0.79, 1.56, 42, 94, 27, negative
7, 48, 336, 6.857, 0.33, 0.821, 1.44, 111, 276, 77, negative
7, 19, 133, 2.714, 0.248, 0.624, 1.5, 33, 83, 22, negative
7, 24, 168, 3.429, 0.232, 0.851, 1.22, 39, 143, 32, negative
7, 10, 70, 1.429, 0.329, 1.0, 1.77, 23, 70, 13, negative
8, 39, 312, 4.875, 0.224, 0.824, 1.21, 70, 257, 58, negative
7, 48, 336, 6.857, 0.268, 0.652, 1.61, 90, 219, 56, negative
7, 13, 91, 1.857, 0.341, 0.846, 1.82, 31, 77, 17, negative
7, 11, 77, 1.571, 0.299, 0.779, 1.64, 23, 60, 14, negative
5, 18, 90, 3.6, 0.4, 0.811, 1.64, 36, 73, 22, negative
7, 16, 112, 2.286, 0.295, 0.92, 1.18, 33, 103, 28, negative
5, 14, 70, 2.8, 0.457, 1.0, 1.52, 32, 70, 21, negative
5, 11, 55, 2.2, 0.364, 1.0, 1.33, 20, 55, 15, negative
7, 14, 98, 2.0, 0.265, 0.827, 1.18, 26, 81, 22, negative
6, 11, 66, 1.833, 0.303, 0.97, 1.33, 20, 64, 15, negative
7, 51, 357, 7.286, 0.325, 0.871, 1.66, 116, 311, 70, negative
8, 44, 352, 5.5, 0.284, 0.673, 1.43, 100, 237, 70, negative
6, 13, 78, 2.167, 0.333, 0.91, 1.37, 26, 71, 19, negative
9, 29, 261, 3.222, 0.23, 0.613, 1.3, 60, 160, 46, negative
7, 6, 42, 0.857, 0.452, 0.976, 1.73, 19, 41, 11, negative
8, 7, 56, 0.875, 0.268, 0.786, 1.67, 15, 44, 9, negative
7, 24, 168, 3.429, 0.268, 0.708, 1.61, 45, 119, 28, negative
7, 34, 238, 4.857, 0.298, 0.937, 1.31, 71, 223, 54, negative
7, 16, 112, 2.286, 0.313, 0.973, 1.75, 35, 109, 20, negative
7, 31, 217, 4.429, 0.286, 0.673, 1.55, 62, 146, 40, negative
8, 40, 320, 5.0, 0.213, 0.659, 1.24, 68, 211, 55, negative
7, 20, 140, 2.857, 0.307, 0.85, 1.48, 43, 119, 29, negative
5, 33, 165, 6.6, 0.376, 0.903, 1.44, 62, 149, 43, negative
7, 207, 1449, 29.571, 0.249, 0.771, 1.29, 361, 1117, 279, negative
4, 4, 16, 1.0, 0.563, 0.938, 4.5, 9, 15, 2, negative
7, 7, 49, 1.0, 0.347, 1.0, 1.42, 17, 49, 12, negative
7, 17, 119, 2.429, 0.336, 0.874, 1.74, 40, 104, 23, negative
9, 34, 306, 3.778, 0.209, 0.493, 1.42, 64, 151, 45, negative
7, 23, 161, 3.286, 0.329, 0.938, 1.39, 53, 151, 38, negative
7, 15, 105, 2.143, 0.371, 0.829, 1.77, 39, 87, 22, negative
5, 43, 215, 8.6, 0.372, 0.888, 1.45, 80, 191, 55, negative
6, 14, 84, 2.333, 0.298, 0.619, 1.79, 25, 52, 14, negative
5, 23, 115, 4.6, 0.322, 1.0, 1.32, 37, 115, 28, negative
7, 18, 126, 2.571, 0.302, 0.984, 1.36, 38, 124, 28, negative
7, 14, 98, 2.0, 0.337, 0.898, 1.94, 33, 88, 17, negative
7, 23, 161, 3.286, 0.28, 0.826, 1.45, 45, 133, 31, negative
9, 13, 117, 1.444, 0.308, 0.88, 1.71, 36, 103, 21, negative
9, 55, 495, 6.111, 0.255, 0.697, 1.38, 126, 345, 91, negative
7, 16, 112, 2.286, 0.25, 1.0, 1.56, 28, 112, 18, negative
7, 17, 119, 2.429, 0.269, 0.899, 1.52, 32, 107, 21, negative
7, 25, 175, 3.571, 0.331, 0.891, 1.41, 58, 156, 41, negative
7, 47, 329, 6.714, 0.322, 0.833, 1.74, 106, 274, 61, negative
7, 40, 280, 5.714, 0.339, 0.936, 1.44, 95, 262, 66, negative
7, 13, 91, 1.857, 0.286, 0.868, 1.37, 26, 79, 19, negative
9, 35, 315, 3.889, 0.26, 0.924, 1.37, 82, 291, 60, negative
5, 32, 160, 6.4, 0.419, 0.981, 1.31, 67, 157, 51, negative
5, 11, 55, 2.2, 0.4, 0.927, 1.57, 22, 51, 14, negative
9, 7, 63, 0.778, 0.286, 0.778, 2.0, 18, 49, 9, negative
7, 31, 217, 4.429, 0.313, 0.71, 1.51, 68, 154, 45, negative
5, 6, 30, 1.2, 0.433, 0.9, 1.63, 13, 27, 8, negative
6, 7, 42, 1.167, 0.524, 1.0, 2.0, 22, 42, 11, negative
8, 28, 224, 3.5, 0.393, 0.759, 2.2, 88, 170, 40, negative
8, 12, 96, 1.5, 0.427, 1.0, 1.64, 41, 96, 25, negative
8, 30, 240, 3.75, 0.433, 1.0, 2.12, 104, 240, 49, negative
8, 19, 152, 2.375, 0.401, 0.98, 1.97, 61, 149, 31, negative
11, 22, 242, 2.0, 0.277, 0.731, 1.86, 67, 177, 36, negative
9, 15, 135, 1.667, 0.378, 0.963, 2.43, 51, 130, 21, negative
8, 9, 72, 1.125, 0.403, 0.722, 1.93, 29, 52, 15, negative
8, 14, 112, 1.75, 0.455, 1.0, 1.96, 51, 112, 26, negative
9, 12, 108, 1.333, 0.389, 0.852, 2.33, 42, 92, 18, negative
9, 18, 162, 2.0, 0.414, 0.877, 2.31, 67, 142, 29, negative
10, 27, 270, 2.7, 0.367, 0.744, 2.02, 99, 201, 49, negative
6, 13, 78, 2.167, 0.551, 0.923, 2.53, 43, 72, 17, negative
10, 18, 180, 1.8, 0.306, 0.617, 2.5, 55, 111, 22, negative
9, 25, 225, 2.778, 0.378, 0.938, 2.13, 85, 211, 40, negative
7, 47, 329, 6.714, 0.38, 0.757, 2.31, 125, 249, 54, negative
11, 11, 121, 1.0, 0.388, 0.818, 2.24, 47, 99, 21, negative
9, 240, 2160, 26.667, 0.259, 0.714, 1.66, 559, 1542, 336, negative
8, 25, 200, 3.125, 0.405, 0.755, 1.98, 81, 151, 41, negative
8, 10, 80, 1.25, 0.4, 0.825, 2.0, 32, 66, 16, negative
8, 32, 256, 4.0, 0.367, 0.688, 2.47, 94, 176, 38, negative
10, 51, 510, 5.1, 0.308, 0.841, 1.89, 157, 429, 83, negative
7, 38, 266, 5.429, 0.414, 0.846, 2.44, 110, 225, 45, negative
8, 25, 200, 3.125, 0.515, 0.815, 2.64, 103, 163, 39, negative
10, 20, 200, 2.0, 0.385, 0.87, 2.14, 77, 174, 36, negative
7, 31, 217, 4.429, 0.461, 0.991, 2.44, 100, 215, 41, negative
8, 12, 96, 1.5, 0.448, 0.896, 2.05, 43, 86, 21, negative
8, 16, 128, 2.0, 0.398, 0.828, 2.68, 51, 106, 19, negative
8, 16, 128, 2.0, 0.516, 1.0, 2.54, 66, 128, 26, negative
10, 48, 480, 4.8, 0.36, 0.863, 2.16, 173, 414, 80, negative
9, 47, 423, 5.222, 0.336, 0.891, 1.78, 142, 377, 80, negative
9, 34, 306, 3.778, 0.386, 0.706, 2.41, 118, 216, 49, negative
11, 272, 2992, 24.727, 0.283, 0.703, 1.97, 847, 2103, 431, negative
9, 26, 234, 2.889, 0.316, 0.88, 1.85, 74, 206, 40, negative
11, 51, 561, 4.636, 0.294, 0.824, 2.06, 165, 462, 80, negative
11, 54, 594, 4.909, 0.258, 0.736, 1.99, 153, 437, 77, negative
8, 12, 96, 1.5, 0.458, 0.927, 2.2, 44, 89, 20, negative
10, 28, 280, 2.8, 0.293, 0.8, 2.0, 82, 224, 41, negative
8, 14, 112, 1.75, 0.42, 0.759, 2.04, 47, 85, 23, negative
8, 22, 176, 2.75, 0.477, 1.0, 2.27, 84, 176, 37, negative
8, 31, 248, 3.875, 0.415, 1.0, 1.87, 103, 248, 55, negative
9, 54, 486, 6.0, 0.391, 0.817, 1.98, 190, 397, 96, negative
10, 7, 70, 0.7, 0.329, 0.986, 1.77, 23, 69, 13, negative
8, 7, 56, 0.875, 0.429, 1.0, 2.18, 24, 56, 11, negative
11, 122, 1342, 11.091, 0.256, 0.656, 1.94, 344, 881, 177, negative
8, 12, 96, 1.5, 0.427, 0.875, 2.56, 41, 84, 16, negative
11, 57, 627, 5.182, 0.271, 0.577, 1.87, 170, 362, 91, negative
8, 26, 208, 3.25, 0.346, 0.909, 1.85, 72, 189, 39, negative
8, 8, 64, 1.0, 0.406, 0.953, 2.17, 26, 61, 12, negative
8, 52, 416, 6.5, 0.325, 0.877, 1.75, 135, 365, 77, negative
7, 26, 182, 3.714, 0.396, 1.0, 2.0, 72, 182, 36, negative
10, 41, 410, 4.1, 0.276, 0.693, 1.61, 113, 284, 70, negative
10, 15, 150, 1.5, 0.273, 0.947, 1.41, 41, 142, 29, negative
10, 37, 370, 3.7, 0.327, 0.954, 1.83, 121, 353, 66, negative
1, 7, 7, 7.0, 1.0, 1.0, 7.0, 7, 7, 1, negative
10, 34, 340, 3.4, 0.321, 0.853, 2.02, 109, 290, 54, negative
8, 9, 72, 1.125, 0.375, 0.681, 1.69, 27, 49, 16, negative
10, 30, 300, 3.0, 0.33, 0.843, 1.9, 99, 253, 52, negative
9, 20, 180, 2.222, 0.322, 0.717, 2.15, 58, 129, 27, negative
7, 20, 140, 2.857, 0.4, 1.0, 1.87, 56, 140, 30, negative
8, 4, 32, 0.5, 0.469, 0.719, 3.75, 15, 23, 4, negative
5, 20, 100, 4.0, 0.47, 0.73, 2.35, 47, 73, 20, negative
10, 261, 2610, 26.1, 0.259, 0.767, 1.74, 676, 2001, 388, negative
6, 37, 222, 6.167, 0.392, 0.757, 2.23, 87, 168, 39, negative
8, 10, 80, 1.25, 0.35, 0.763, 1.75, 28, 61, 16, negative
11, 54, 594, 4.909, 0.316, 0.697, 2.07, 188, 414, 91, negative
10, 16, 160, 1.6, 0.288, 0.744, 2.19, 46, 119, 21, negative
10, 39, 390, 3.9, 0.344, 0.59, 2.79, 134, 230, 48, negative
4, 24, 96, 6.0, 0.573, 0.958, 2.04, 55, 92, 27, negative
9, 18, 162, 2.0, 0.321, 0.654, 2.26, 52, 106, 23, negative
5, 14, 70, 2.8, 0.557, 0.871, 2.79, 39, 61, 14, negative
8, 5, 40, 0.625, 0.375, 0.95, 2.14, 15, 38, 7, negative
8, 8, 64, 1.0, 0.469, 0.844, 2.73, 30, 54, 11, negative
8, 29, 232, 3.625, 0.401, 0.884, 2.38, 93, 205, 39, negative
8, 33, 264, 4.125, 0.371, 0.795, 1.92, 98, 210, 51, negative
7, 6, 42, 0.857, 0.5, 1.0, 2.33, 21, 42, 9, negative
8, 13, 104, 1.625, 0.471, 1.0, 1.81, 49, 104, 27, negative
8, 20, 160, 2.5, 0.394, 0.944, 2.25, 63, 151, 28, negative
6, 18, 108, 3.0, 0.491, 0.88, 2.04, 53, 95, 26, negative
8, 25, 200, 3.125, 0.405, 0.865, 1.84, 81, 173, 44, negative
8, 35, 280, 4.375, 0.357, 0.921, 1.64, 100, 258, 61, negative
10, 46, 460, 4.6, 0.3, 0.604, 2.09, 138, 278, 66, negative
6, 4, 24, 0.667, 0.667, 1.0, 4.0, 16, 24, 4, negative
10, 262, 2620, 26.2, 0.29, 0.826, 1.76, 761, 2163, 432, negative
9, 4, 36, 0.444, 0.444, 1.0, 8.0, 16, 36, 2, negative
8, 18, 144, 2.25, 0.389, 0.931, 2.24, 56, 134, 25, negative
8, 16, 128, 2.0, 0.422, 0.992, 1.86, 54, 127, 29, negative
8, 40, 320, 5.0, 0.363, 0.806, 1.68, 116, 258, 69, negative
5, 26, 130, 5.2, 0.523, 0.985, 1.89, 68, 128, 36, negative
10, 54, 540, 5.4, 0.306, 0.689, 1.94, 165, 372, 85, negative
8, 24, 192, 3.0, 0.438, 0.839, 1.95, 84, 161, 43, negative
8, 25, 200, 3.125, 0.31, 0.67, 1.63, 62, 134, 38, negative
8, 23, 184, 2.875, 0.353, 0.826, 1.91, 65, 152, 34, negative
10, 31, 310, 3.1, 0.284, 0.835, 1.69, 88, 259, 52, negative
8, 13, 104, 1.625, 0.423, 0.923, 1.76, 44, 96, 25, negative
9, 64, 576, 7.111, 0.177, 0.479, 2.32, 102, 276, 44, negative
8, 52, 416, 6.5, 0.38, 0.88, 1.88, 158, 366, 84, negative
10, 157, 1570, 15.7, 0.233, 0.565, 1.65, 366, 887, 222, negative
10, 20, 200, 2.0, 0.375, 0.855, 2.27, 75, 171, 33, negative
9, 33, 297, 3.667, 0.36, 0.818, 2.02, 107, 243, 53, negative
11, 132, 1452, 12.0, 0.189, 0.44, 2.04, 274, 639, 134, negative
7, 72, 504, 10.286, 0.405, 0.845, 1.85, 204, 426, 110, negative
10, 23, 230, 2.3, 0.37, 0.83, 2.3, 85, 191, 37, negative
7, 14, 98, 2.0, 0.408, 0.939, 2.5, 40, 92, 16, negative
8, 16, 128, 2.0, 0.367, 0.969, 1.88, 47, 124, 25, negative
10, 100, 1000, 10.0, 0.267, 0.724, 1.82, 267, 724, 147, negative
8, 14, 112, 1.75, 0.402, 1.0, 1.55, 45, 112, 29, negative
7, 11, 77, 1.571, 0.455, 0.974, 1.75, 35, 75, 20, negative
10, 35, 350, 3.5, 0.091, 0.157, 2.67, 32, 55, 12, negative
8, 24, 192, 3.0, 0.328, 0.625, 1.75, 63, 120, 36, negative
7, 16, 112, 2.286, 0.42, 0.768, 1.96, 47, 86, 24, negative
10, 22, 220, 2.2, 0.277, 0.595, 1.74, 61, 131, 35, negative
86, 67, 5762, 0.779, 0.164, 0.935, 2.37, 947, 5386, 399, positive
24, 280, 6720, 11.667, 0.449, 0.904, 7.76, 3018, 6072, 389, negative
2, 536, 1072, 268.0, 0.538, 0.737, 30.37, 577, 790, 19, positive
8, 344, 2752, 43.0, 0.216, 0.838, 1.22, 595, 2307, 486, negative
8, 109, 872, 13.625, 0.109, 0.508, 1.25, 95, 443, 76, negative
8, 145, 1160, 18.125, 0.156, 0.773, 1.24, 181, 897, 146, negative
8, 82, 656, 10.25, 0.418, 0.753, 2.51, 274, 494, 109, negative
4, 4, 16, 1.0, 0.438, 0.438, 7.0, 7, 7, 1, negative
9, 101, 909, 11.222, 0.211, 0.816, 1.37, 192, 742, 140, negative
9, 534, 4806, 59.333, 0.134, 0.503, 1.34, 644, 2419, 482, negative
28, 32, 896, 1.143, 0.481, 0.742, 7.43, 431, 665, 58, positive
9, 180, 1620, 20.0, 0.343, 0.738, 2.47, 555, 1196, 225, negative
6, 29, 174, 4.833, 0.368, 0.954, 1.73, 64, 166, 37, negative
8, 275, 2200, 34.375, 0.209, 0.737, 1.31, 460, 1621, 351, negative
10, 508, 5080, 50.8, 0.131, 0.51, 1.27, 667, 2593, 527, negative
32, 350, 11200, 10.938, 0.142, 0.402, 3.96, 1588, 4497, 401, positive
13, 37, 481, 2.846, 0.322, 0.992, 3.52, 155, 477, 44, negative
2, 537, 1074, 268.5, 0.507, 0.528, 181.33, 544, 567, 3, positive
9, 535, 4815, 59.444, 0.173, 0.667, 1.36, 832, 3214, 613, negative
9, 535, 4815, 59.444, 0.191, 0.788, 1.36, 921, 3793, 676, negative
8, 69, 552, 8.625, 0.234, 0.683, 1.54, 129, 377, 84, negative
2, 537, 1074, 268.5, 0.594, 0.655, 21.27, 638, 703, 30, positive
7, 152, 1064, 21.714, 0.214, 0.73, 1.27, 228, 777, 179, negative
9, 535, 4815, 59.444, 0.118, 0.482, 1.31, 566, 2323, 432, negative
31, 105, 3255, 3.387, 0.242, 0.456, 4.89, 787, 1485, 161, positive
13, 228, 2964, 17.538, 0.264, 0.942, 3.29, 783, 2791, 238, negative
9, 181, 1629, 20.111, 0.361, 0.74, 2.76, 588, 1205, 213, negative
2, 98, 196, 49.0, 0.48, 0.653, 9.4, 94, 128, 10, positive
9, 536, 4824, 59.556, 0.091, 0.358, 1.38, 441, 1725, 320, negative
9, 102, 918, 11.333, 0.183, 0.804, 1.27, 168, 738, 132, negative
9, 219, 1971, 24.333, 0.109, 0.538, 1.43, 215, 1060, 150, negative
2, 537, 1074, 268.5, 0.52, 0.621, 26.57, 558, 667, 21, positive
8, 83, 664, 10.375, 0.393, 0.7, 2.42, 261, 465, 108, negative
8, 209, 1672, 26.125, 0.173, 0.828, 1.27, 290, 1384, 228, negative
9, 174, 1566, 19.333, 0.15, 0.738, 1.22, 235, 1156, 193, negative
1, 109, 109, 109.0, 0.183, 1.0, 1.05, 20, 109, 19, negative
7, 80, 560, 11.429, 0.155, 0.698, 1.18, 87, 391, 74, negative
1, 148, 148, 148.0, 0.986, 1.0, 73.0, 146, 148, 2, positive
13, 138, 1794, 10.615, 0.232, 0.697, 3.86, 417, 1251, 108, negative
25, 178, 4450, 7.12, 0.49, 0.896, 7.9, 2181, 3988, 276, negative
28, 32, 896, 1.143, 0.501, 0.744, 7.02, 449, 667, 64, negative
9, 183, 1647, 20.333, 0.327, 0.744, 2.25, 538, 1225, 239, negative
9, 105, 945, 11.667, 0.334, 0.869, 2.19, 316, 821, 144, negative
9, 249, 2241, 27.667, 0.301, 0.739, 1.96, 674, 1655, 344, negative
9, 510, 4590, 56.667, 0.075, 0.288, 1.44, 346, 1323, 241, negative
8, 14, 112, 1.75, 0.25, 0.786, 3.11, 28, 88, 9, negative
10, 511, 5110, 51.1, 0.115, 0.414, 1.53, 588, 2114, 385, negative
7, 215, 1505, 30.714, 0.538, 0.993, 3.2, 810, 1495, 253, negative
9, 511, 4599, 56.778, 0.164, 0.509, 1.42, 755, 2339, 530, negative
9, 536, 4824, 59.556, 0.126, 0.493, 1.34, 609, 2377, 456, negative
9, 102, 918, 11.333, 0.193, 0.768, 1.29, 177, 705, 137, negative
2, 537, 1074, 268.5, 0.538, 0.594, 32.11, 578, 638, 18, positive
6, 80, 480, 13.333, 0.352, 0.96, 1.51, 169, 461, 112, negative
13, 38, 494, 2.923, 0.334, 0.937, 3.93, 165, 463, 42, negative
8, 82, 656, 10.25, 0.434, 0.75, 2.91, 285, 492, 98, negative
9, 167, 1503, 18.556, 0.378, 0.727, 2.88, 568, 1093, 197, negative
2, 537, 1074, 268.5, 0.537, 0.609, 22.19, 577, 654, 26, positive
9, 492, 4428, 54.667, 0.209, 0.781, 1.33, 924, 3457, 697, negative
9, 376, 3384, 41.778, 0.225, 0.875, 1.34, 760, 2960, 569, negative
6, 13, 78, 2.167, 0.372, 0.987, 1.71, 29, 77, 17, negative
9, 259, 2331, 28.778, 0.189, 0.697, 1.31, 441, 1624, 336, negative
7, 143, 1001, 20.429, 0.105, 0.526, 1.28, 105, 527, 82, negative
9, 488, 4392, 54.222, 0.074, 0.343, 1.28, 326, 1508, 254, negative
9, 510, 4590, 56.667, 0.149, 0.592, 1.28, 684, 2717, 533, negative
24, 280, 6720, 11.667, 0.452, 0.899, 7.62, 3040, 6042, 399, negative
7, 136, 952, 19.429, 0.18, 0.775, 1.2, 171, 738, 142, negative
9, 332, 2988, 36.889, 0.159, 0.712, 1.21, 476, 2128, 393, negative
8, 190, 1520, 23.75, 0.118, 0.62, 1.21, 179, 943, 148, negative
9, 508, 4572, 56.444, 0.128, 0.53, 1.27, 587, 2425, 461, negative
1, 50, 50, 50.0, 0.2, 1.0, 1.11, 10, 50, 9, negative
83, 277, 22991, 3.337, 0.18, 0.365, 6.86, 4138, 8387, 603, positive
39, 1, 39, 0.026, 1.0, 1.0, 39.0, 39, 39, 1, positive
10, 55, 550, 5.5, 0.678, 0.827, 6.32, 373, 455, 59, negative
1, 7, 7, 7.0, 1.0, 1.0, 7.0, 7, 7, 1, positive
1, 10, 10, 10.0, 0.8, 1.0, 4.0, 8, 10, 2, positive
53, 1, 53, 0.019, 1.0, 1.0, 53.0, 53, 53, 1, positive
7, 15, 105, 2.143, 0.705, 0.971, 6.17, 74, 102, 12, negative
11, 185, 2035, 16.818, 0.356, 0.772, 2.94, 724, 1572, 246, negative
42, 1, 42, 0.024, 1.0, 1.0, 42.0, 42, 42, 1, positive
13, 45, 585, 3.462, 0.429, 0.566, 6.61, 251, 331, 38, negative
10, 20, 200, 2.0, 0.61, 0.845, 8.13, 122, 169, 15, negative
10, 18, 180, 1.8, 0.656, 0.9, 6.94, 118, 162, 17, negative
187, 137, 25619, 0.733, 0.899, 0.991, 29.29, 23025, 25400, 786, positive
26, 170, 4420, 6.538, 0.188, 0.909, 1.54, 833, 4017, 542, negative
10, 18, 180, 1.8, 0.522, 0.772, 8.55, 94, 139, 11, negative
7, 64, 448, 9.143, 0.498, 0.911, 2.93, 223, 408, 76, negative
14, 367, 5138, 26.214, 0.349, 0.576, 4.5, 1791, 2962, 398, negative
10, 18, 180, 1.8, 0.572, 0.867, 6.44, 103, 156, 16, negative
15, 419, 6285, 27.933, 0.345, 0.526, 4.5, 2170, 3309, 482, negative
25, 1, 25, 0.04, 1.0, 1.0, 25.0, 25, 25, 1, positive
12, 335, 4020, 27.917, 0.4, 0.677, 4.61, 1606, 2722, 348, negative
1, 159, 159, 159.0, 0.975, 1.0, 77.5, 155, 159, 2, positive
13, 123, 1599, 9.462, 0.428, 0.798, 4.38, 684, 1276, 156, negative
9, 1, 9, 0.111, 1.0, 1.0, 9.0, 9, 9, 1, positive
12, 72, 864, 6.0, 0.615, 0.862, 6.4, 531, 745, 83, negative
10, 10, 100, 1.0, 0.52, 0.53, 52.0, 52, 53, 1, negative
10, 16, 160, 1.6, 0.619, 0.963, 6.19, 99, 154, 16, negative
10, 20, 200, 2.0, 0.485, 0.68, 8.82, 97, 136, 11, negative
11, 433, 4763, 39.364, 0.449, 0.706, 4.65, 2137, 3365, 460, negative
9, 19, 171, 2.111, 0.655, 0.871, 8.62, 112, 149, 13, negative
10, 19, 190, 1.9, 0.6, 0.768, 9.5, 114, 146, 12, negative
11, 184, 2024, 16.727, 0.471, 0.885, 4.48, 954, 1791, 213, negative
3, 3, 9, 1.0, 0.889, 1.0, 8.0, 8, 9, 1, negative
14, 416, 5824, 29.714, 0.384, 0.617, 4.64, 2234, 3594, 481, negative
14, 320, 4480, 22.857, 0.354, 0.585, 4.46, 1584, 2621, 355, negative
13, 1, 13, 0.077, 1.0, 1.0, 13.0, 13, 13, 1, positive
1, 63, 63, 63.0, 0.587, 1.0, 2.31, 37, 63, 16, positive
16, 344, 5504, 21.5, 0.373, 0.572, 5.73, 2053, 3146, 358, negative
11, 20, 220, 1.818, 0.564, 0.909, 8.27, 124, 200, 15, negative
25, 198, 4950, 7.92, 0.869, 0.932, 15.94, 4304, 4611, 270, negative
12, 23, 276, 1.917, 0.576, 0.826, 7.57, 159, 228, 21, negative
26, 184, 4784, 7.077, 0.773, 0.886, 16.88, 3696, 4241, 219, negative
11, 24, 264, 2.182, 0.53, 0.727, 10.0, 140, 192, 14, negative
7, 79, 553, 11.286, 0.566, 0.967, 3.56, 313, 535, 88, negative
24, 120, 2880, 5.0, 0.927, 0.972, 21.36, 2670, 2800, 125, negative
25, 203, 5075, 8.12, 0.837, 0.929, 15.22, 4246, 4713, 279, negative
14, 62, 868, 4.429, 0.433, 0.646, 5.97, 376, 561, 63, negative
23, 198, 4554, 8.609, 0.924, 0.999, 14.93, 4210, 4548, 282, negative
9, 83, 747, 9.222, 0.356, 0.914, 2.77, 266, 683, 96, negative
16, 352, 5632, 22.0, 0.39, 0.738, 5.25, 2196, 4157, 418, negative
16, 417, 6672, 26.063, 0.381, 0.652, 5.29, 2543, 4349, 481, negative
14, 2, 28, 0.143, 0.536, 0.536, 15.0, 15, 15, 1, positive
24, 135, 3240, 5.625, 0.911, 0.966, 18.69, 2953, 3131, 158, negative
17, 403, 6851, 23.706, 0.349, 0.521, 5.43, 2388, 3568, 440, negative
77, 271, 20867, 3.519, 0.478, 0.744, 11.28, 9981, 15523, 885, negative
8, 13, 104, 1.625, 0.663, 0.817, 6.9, 69, 85, 10, negative
8, 157, 1256, 19.625, 0.446, 0.987, 2.55, 560, 1240, 220, negative
7, 13, 91, 1.857, 0.78, 0.989, 7.89, 71, 90, 9, negative
10, 316, 3160, 31.6, 0.366, 0.673, 2.74, 1158, 2126, 422, negative
10, 398, 3980, 39.8, 0.342, 0.745, 2.44, 1361, 2965, 557, negative
10, 279, 2790, 27.9, 0.377, 0.687, 2.7, 1052, 1916, 389, negative
8, 109, 872, 13.625, 0.447, 0.959, 2.47, 390, 836, 158, negative
10, 162, 1620, 16.2, 0.294, 0.73, 2.71, 477, 1183, 176, negative
3, 104, 312, 34.667, 0.606, 0.683, 9.95, 189, 213, 19, negative
11, 63, 693, 5.727, 0.413, 0.804, 3.08, 286, 557, 93, negative
17, 24, 408, 1.412, 0.426, 0.735, 4.7, 174, 300, 37, negative
9, 168, 1512, 18.667, 0.268, 0.661, 1.89, 405, 1000, 214, negative
7, 219, 1533, 31.286, 0.195, 0.617, 1.44, 299, 946, 207, negative
6, 48, 288, 8.0, 0.316, 0.965, 1.57, 91, 278, 58, negative
8, 113, 904, 14.125, 0.21, 0.759, 1.41, 190, 686, 135, negative
17, 22, 374, 1.294, 0.321, 0.406, 8.57, 120, 152, 14, negative
6, 47, 282, 7.833, 0.177, 0.45, 1.61, 50, 127, 31, negative
4, 25, 100, 6.25, 0.28, 0.71, 1.33, 28, 71, 21, negative
17, 22, 374, 1.294, 0.409, 0.757, 4.5, 153, 283, 34, negative
7, 211, 1477, 30.143, 0.257, 0.653, 1.7, 380, 965, 223, negative
7, 223, 1561, 31.857, 0.205, 0.664, 1.4, 320, 1036, 229, negative
9, 333, 2997, 37.0, 0.237, 0.671, 1.57, 711, 2011, 452, negative
6, 94, 564, 15.667, 0.188, 0.874, 1.63, 106, 493, 65, negative
7, 61, 427, 8.714, 0.241, 0.794, 1.47, 103, 339, 70, negative
6, 97, 582, 16.167, 0.232, 0.852, 1.55, 135, 496, 87, negative
16, 24, 384, 1.5, 0.411, 0.872, 4.51, 158, 335, 35, negative
6, 97, 582, 16.167, 0.235, 0.703, 1.71, 137, 409, 80, negative
6, 93, 558, 15.5, 0.276, 0.962, 1.52, 154, 537, 101, negative
6, 96, 576, 16.0, 0.262, 0.842, 1.51, 151, 485, 100, negative
4, 108, 432, 27.0, 0.778, 0.826, 56.0, 336, 357, 6, positive
11, 252, 2772, 22.909, 0.092, 0.095, 63.75, 255, 262, 4, positive
9, 38, 342, 4.222, 0.377, 0.731, 2.74, 129, 250, 47, negative
7, 164, 1148, 23.429, 0.281, 0.838, 1.6, 323, 962, 202, negative
8, 22, 176, 2.75, 0.438, 0.79, 2.41, 77, 139, 32, negative
1, 91, 91, 91.0, 0.352, 1.0, 1.03, 32, 91, 31, negative
1, 45, 45, 45.0, 0.356, 1.0, 1.07, 16, 45, 15, negative
8, 117, 936, 14.625, 0.201, 0.698, 1.45, 188, 653, 130, negative
9, 261, 2349, 29.0, 0.183, 0.718, 1.42, 430, 1686, 302, negative
4, 253, 1012, 63.25, 0.129, 0.66, 1.41, 131, 668, 93, negative
9, 222, 1998, 24.667, 0.202, 0.711, 1.52, 403, 1421, 266, negative
6, 13, 78, 2.167, 0.295, 0.692, 1.53, 23, 54, 15, negative
5, 19, 95, 3.8, 0.316, 0.916, 1.5, 30, 87, 20, negative
7, 22, 154, 3.143, 0.097, 0.403, 1.36, 15, 62, 11, negative
8, 39, 312, 4.875, 0.205, 0.712, 1.36, 64, 222, 47, negative
7, 28, 196, 4.0, 0.27, 0.75, 1.36, 53, 147, 39, negative
5, 7, 35, 1.4, 0.314, 0.857, 1.83, 11, 30, 6, negative
10, 17, 170, 1.7, 0.224, 0.729, 2.38, 38, 124, 16, negative
10, 23, 230, 2.3, 0.261, 0.787, 1.76, 60, 181, 34, negative
1, 235, 235, 235.0, 0.923, 1.0, 27.13, 217, 235, 8, positive
3, 550, 1650, 183.33, 0.339, 0.401, 15.11, 559, 662, 37, positive
10, 18, 180, 1.8, 0.294, 0.872, 2.3, 53, 157, 23, negative
13, 423, 5499, 32.538, 0.188, 0.762, 1.64, 1034, 4191, 632, negative
1, 8, 8, 8.0, 1.0, 1.0, 8.0, 8, 8, 1, positive
8, 302, 2416, 37.75, 0.211, 0.73, 1.43, 510, 1763, 356, negative
8, 42, 336, 5.25, 0.271, 0.813, 1.54, 91, 273, 59, negative
1, 71, 71, 71.0, 0.521, 1.0, 2.31, 37, 71, 16, positive
7, 92, 644, 13.143, 0.309, 0.896, 1.88, 199, 577, 106, negative
6, 263, 1578, 43.833, 0.124, 0.66, 1.11, 196, 1041, 177, negative
6, 106, 636, 17.667, 0.129, 0.835, 1.14, 82, 531, 72, negative
20, 16, 320, 0.8, 0.5, 0.572, 26.67, 160, 183, 6, negative
33, 180, 5940, 5.455, 0.236, 0.611, 1.68, 1400, 3627, 835, negative
12, 33, 396, 2.75, 0.391, 0.793, 4.08, 155, 314, 38, negative
7, 1, 7, 0.143, 1.0, 1.0, 7.0, 7, 7, 1, positive
2, 22, 44, 11.0, 0.477, 1.0, 21.0, 21, 44, 1, positive
1, 159, 159, 159.0, 0.994, 1.0, 158.0, 158, 159, 1, positive
36, 5, 180, 0.139, 0.656, 0.817, 7.87, 118, 147, 15, negative
7, 1, 7, 0.143, 1.0, 1.0, 7.0, 7, 7, 1, positive
1, 70, 70, 70.0, 1.0, 1.0, 70.0, 70, 70, 1, positive
9, 151, 1359, 16.778, 0.257, 0.941, 1.48, 349, 1279, 236, negative
10, 11, 110, 1.1, 0.491, 0.845, 4.5, 54, 93, 12, negative
9, 57, 513, 6.333, 0.285, 0.91, 1.39, 146, 467, 105, negative
11, 12, 132, 1.091, 0.492, 0.75, 4.33, 65, 99, 15, negative
2, 62, 124, 31.0, 0.452, 0.565, 11.2, 56, 70, 5, positive
