@relation .a/yeast1/yeast1
@attribute Mcg real [0.11, 1.0]
@attribute Gvh real [0.13, 1.0]
@attribute Alm real [0.21, 1.0]
@attribute Mit real [0.0, 1.0]
@attribute Erl real [0.5, 1.0]
@attribute Pox real [0.0, 0.83]
@attribute Vac real [0.0, 0.73]
@attribute Nuc real [0.0, 1.0]
@attribute Class {positive, negative}
@inputs Mcg, Gvh, Alm, Mit, Erl, Pox, Vac, Nuc
@outputs Class
@data
0.5, 0.54, 0.48, 0.65, 0.5, 0.0, 0.53, 0.22, negative
0.48, 0.45, 0.59, 0.2, 0.5, 0.0, 0.58, 0.34, positive
0.43, 0.53, 0.52, 0.13, 0.5, 0.0, 0.55, 0.22, negative
0.63, 0.67, 0.57, 0.24, 0.5, 0.0, 0.49, 0.22, negative
0.72, 0.61, 0.45, 0.3, 0.5, 0.0, 0.54, 0.25, negative
0.4, 0.45, 0.57, 0.18, 0.5, 0.0, 0.56, 0.26, negative
0.86, 0.68, 0.39, 0.24, 0.5, 0.0, 0.54, 0.22, negative
0.64, 0.59, 0.56, 0.23, 0.5, 0.0, 0.46, 0.22, negative
0.66, 0.62, 0.49, 0.1, 0.5, 0.0, 0.49, 0.22, negative
0.48, 0.43, 0.51, 0.32, 0.5, 0.0, 0.52, 0.43, positive
0.45, 0.55, 0.54, 0.66, 0.5, 0.0, 0.47, 0.22, negative
0.67, 0.62, 0.4, 0.43, 0.5, 0.83, 0.5, 0.22, negative
0.28, 0.58, 0.21, 0.13, 0.5, 0.0, 0.51, 0.22, negative
0.49, 0.61, 0.49, 0.25, 0.5, 0.0, 0.5, 0.28, negative
0.45, 0.41, 0.5, 0.46, 0.5, 0.5, 0.5, 0.27, negative
0.67, 0.62, 0.54, 0.43, 0.5, 0.0, 0.53, 0.22, negative
0.4, 0.38, 0.53, 0.16, 0.5, 0.0, 0.52, 0.27, positive
0.41, 0.4, 0.59, 0.47, 0.5, 0.0, 0.48, 0.43, negative
0.37, 0.46, 0.4, 0.27, 0.5, 0.0, 0.45, 0.22, positive
0.28, 0.37, 0.61, 0.09, 0.5, 0.0, 0.52, 0.55, positive
0.58, 0.5, 0.5, 0.12, 0.5, 0.0, 0.48, 0.25, positive
0.67, 0.71, 0.52, 0.65, 0.5, 0.0, 0.53, 0.36, positive
0.54, 0.49, 0.49, 0.2, 0.5, 0.0, 0.52, 0.22, negative
0.44, 0.38, 0.48, 0.32, 0.5, 0.83, 0.53, 0.22, negative
0.24, 0.34, 0.69, 0.18, 0.5, 0.0, 0.52, 0.22, negative
0.32, 0.42, 0.52, 0.24, 0.5, 0.0, 0.6, 0.22, negative
0.57, 0.57, 0.44, 0.37, 0.5, 0.0, 0.52, 0.25, negative
0.5, 0.41, 0.44, 0.5, 0.5, 0.0, 0.42, 0.22, negative
0.5, 0.4, 0.56, 0.7, 0.5, 0.0, 0.5, 0.22, negative
0.35, 0.66, 0.49, 0.21, 0.5, 0.0, 0.54, 0.25, negative
0.36, 0.37, 0.33, 0.14, 0.5, 0.0, 0.57, 0.31, negative
0.38, 0.51, 0.75, 0.17, 0.5, 0.0, 0.55, 0.22, negative
0.53, 0.53, 0.6, 0.13, 0.5, 0.0, 0.49, 0.22, negative
0.2, 0.26, 0.52, 0.14, 0.5, 0.0, 0.53, 0.44, negative
0.56, 0.43, 0.54, 0.16, 0.5, 0.0, 0.5, 0.22, positive
0.38, 0.48, 0.59, 0.22, 0.5, 0.0, 0.46, 0.22, negative
0.5, 0.51, 0.52, 0.09, 0.5, 0.0, 0.48, 0.25, positive
0.55, 0.46, 0.53, 0.11, 0.5, 0.0, 0.52, 0.48, negative
0.29, 0.43, 0.4, 0.15, 0.5, 0.0, 0.53, 0.22, negative
0.73, 0.55, 0.41, 0.16, 0.5, 0.0, 0.46, 0.22, negative
0.42, 0.52, 0.4, 0.17, 0.5, 0.0, 0.5, 0.26, negative
0.41, 0.39, 0.51, 0.52, 0.5, 0.0, 0.49, 0.22, negative
0.6, 0.6, 0.49, 0.3, 0.5, 0.0, 0.53, 0.22, positive
0.45, 0.56, 0.49, 0.17, 0.5, 0.0, 0.52, 0.22, negative
0.43, 0.51, 0.54, 0.15, 0.5, 0.0, 0.45, 0.26, positive
0.69, 0.5, 0.49, 0.42, 0.5, 0.0, 0.49, 0.22, negative
0.28, 0.51, 0.55, 0.11, 0.5, 0.0, 0.46, 0.22, positive
0.48, 0.46, 0.38, 0.29, 0.5, 0.0, 0.53, 0.22, negative
0.38, 0.46, 0.52, 0.75, 0.5, 0.0, 0.5, 0.26, negative
0.34, 0.34, 0.61, 0.18, 0.5, 0.0, 0.52, 0.32, positive
0.51, 0.68, 0.49, 0.59, 0.5, 0.0, 0.54, 0.27, negative
0.45, 0.54, 0.54, 0.62, 0.5, 0.0, 0.53, 0.22, negative
0.45, 0.38, 0.59, 0.18, 0.5, 0.0, 0.44, 0.45, positive
0.4, 0.45, 0.42, 0.17, 0.5, 0.0, 0.54, 0.26, negative
0.53, 0.5, 0.54, 0.56, 0.5, 0.0, 0.49, 0.41, negative
0.43, 0.52, 0.53, 0.52, 1.0, 0.0, 0.49, 0.22, negative
0.86, 0.92, 0.5, 0.37, 1.0, 0.0, 0.53, 0.32, negative
0.43, 0.45, 0.54, 0.14, 0.5, 0.0, 0.5, 0.31, negative
0.5, 0.45, 0.48, 0.17, 0.5, 0.0, 0.5, 0.26, negative
0.46, 0.32, 0.58, 0.17, 0.5, 0.0, 0.61, 0.25, positive
0.53, 0.51, 0.51, 0.11, 0.5, 0.0, 0.49, 0.41, positive
0.49, 0.48, 0.46, 0.63, 0.5, 0.0, 0.52, 0.22, negative
0.55, 0.49, 0.45, 0.18, 0.5, 0.0, 0.49, 0.22, positive
0.51, 0.42, 0.56, 0.38, 0.5, 0.0, 0.46, 0.22, negative
0.63, 0.6, 0.5, 0.27, 0.5, 0.0, 0.55, 0.22, negative
0.63, 0.47, 0.56, 0.12, 0.5, 0.0, 0.5, 0.22, negative
0.58, 0.38, 0.4, 0.21, 0.5, 0.0, 0.5, 0.22, negative
0.51, 0.65, 0.53, 0.19, 0.5, 0.0, 0.49, 0.22, negative
0.51, 0.46, 0.54, 0.41, 0.5, 0.0, 0.53, 0.22, negative
0.3, 0.55, 0.58, 0.16, 0.5, 0.0, 0.61, 0.28, positive
0.47, 0.47, 0.5, 0.15, 0.5, 0.0, 0.5, 0.48, positive
0.51, 0.34, 0.49, 0.16, 0.5, 0.0, 0.53, 0.21, positive
0.49, 0.27, 0.57, 0.18, 0.5, 0.83, 0.54, 0.22, negative
0.28, 0.48, 0.56, 0.16, 0.5, 0.0, 0.48, 0.26, negative
0.69, 0.39, 0.52, 0.12, 0.5, 0.0, 0.38, 0.35, negative
0.5, 0.32, 0.49, 0.49, 0.5, 0.0, 0.48, 0.32, negative
0.56, 0.68, 0.52, 0.39, 0.5, 0.0, 0.36, 0.22, negative
0.26, 0.28, 0.6, 0.2, 0.5, 0.0, 0.54, 0.31, negative
0.41, 0.48, 0.54, 0.24, 0.5, 0.0, 0.37, 0.51, positive
0.74, 0.72, 0.5, 0.28, 0.5, 0.0, 0.5, 0.27, negative
0.77, 0.72, 0.48, 0.26, 0.5, 0.0, 0.51, 0.22, negative
0.27, 0.49, 0.36, 0.26, 0.5, 0.0, 0.49, 0.26, negative
0.25, 0.39, 0.5, 0.23, 0.5, 0.0, 0.5, 0.28, positive
0.63, 0.55, 0.53, 0.51, 0.5, 0.0, 0.55, 0.22, negative
0.51, 0.51, 0.56, 0.28, 0.5, 0.0, 0.54, 0.27, negative
0.36, 0.33, 0.38, 0.15, 0.5, 0.0, 0.55, 0.36, negative
0.33, 0.28, 0.5, 0.4, 0.5, 0.0, 0.46, 0.61, positive
0.51, 0.55, 0.56, 0.18, 0.5, 0.0, 0.5, 0.38, positive
0.47, 0.43, 0.48, 0.16, 0.5, 0.0, 0.46, 0.27, positive
0.55, 0.59, 0.53, 0.15, 0.5, 0.0, 0.49, 0.22, positive
0.51, 0.61, 0.5, 0.23, 0.5, 0.0, 0.52, 0.61, positive
0.54, 0.53, 0.53, 0.17, 0.5, 0.0, 0.51, 0.39, positive
0.66, 0.55, 0.54, 0.18, 0.5, 0.0, 0.43, 0.22, negative
0.44, 0.33, 0.55, 0.16, 0.5, 0.0, 0.49, 0.22, positive
0.45, 0.43, 0.5, 0.25, 0.5, 0.0, 0.47, 0.22, negative
0.5, 0.36, 0.64, 0.37, 0.5, 0.0, 0.37, 0.33, positive
0.51, 0.39, 0.58, 0.19, 0.5, 0.0, 0.47, 0.22, negative
0.48, 0.45, 0.63, 0.19, 0.5, 0.0, 0.58, 0.22, positive
0.4, 0.3, 0.57, 0.13, 0.5, 0.0, 0.46, 0.22, positive
0.34, 0.47, 0.48, 0.32, 0.5, 0.0, 0.42, 0.22, positive
0.4, 0.45, 0.61, 0.29, 0.5, 0.0, 0.44, 0.22, negative
0.48, 0.55, 0.48, 0.1, 0.5, 0.0, 0.55, 0.22, negative
0.38, 0.5, 0.52, 0.44, 0.5, 0.0, 0.54, 0.11, negative
0.37, 0.3, 0.62, 0.43, 0.5, 0.0, 0.44, 0.39, negative
0.6, 0.57, 0.52, 0.14, 0.5, 0.0, 0.46, 0.48, positive
0.39, 1.0, 0.38, 0.41, 0.5, 0.0, 0.5, 0.27, negative
0.52, 0.54, 0.47, 0.49, 0.5, 0.0, 0.54, 0.22, negative
0.54, 0.51, 0.56, 0.15, 0.5, 0.0, 0.54, 0.31, negative
0.47, 0.37, 0.46, 0.28, 0.5, 0.0, 0.52, 0.99, positive
0.85, 0.69, 0.34, 0.31, 0.5, 0.0, 0.57, 0.3, negative
0.37, 0.47, 0.49, 0.12, 0.5, 0.0, 0.47, 0.31, positive
0.32, 0.6, 0.48, 0.13, 0.5, 0.0, 0.53, 0.22, positive
0.4, 0.43, 0.36, 0.33, 0.5, 0.0, 0.51, 0.22, negative
0.57, 0.51, 0.34, 0.13, 0.5, 0.0, 0.53, 0.27, negative
0.39, 0.45, 0.51, 0.29, 0.5, 0.0, 0.54, 0.22, negative
0.46, 0.41, 0.45, 0.23, 0.5, 0.0, 0.48, 0.22, positive
0.5, 0.45, 0.51, 0.19, 0.5, 0.0, 0.53, 0.25, negative
0.23, 0.13, 0.51, 0.16, 0.5, 0.0, 0.53, 0.51, positive
0.62, 0.33, 0.49, 0.24, 0.5, 0.0, 0.51, 0.42, negative
0.38, 0.51, 0.56, 0.21, 0.5, 0.0, 0.48, 0.31, positive
0.88, 0.72, 0.32, 0.3, 0.5, 0.0, 0.52, 0.33, negative
0.28, 0.18, 0.72, 0.26, 0.5, 0.0, 0.49, 0.25, negative
0.41, 0.35, 0.6, 0.22, 0.5, 0.0, 0.56, 0.79, negative
0.41, 0.49, 0.55, 0.13, 0.5, 0.0, 0.55, 0.22, negative
0.41, 0.39, 0.61, 0.17, 0.5, 0.0, 0.5, 0.61, positive
0.63, 0.64, 0.49, 0.2, 0.5, 0.0, 0.52, 0.25, negative
0.45, 0.4, 0.56, 0.15, 0.5, 0.0, 0.52, 0.22, positive
0.52, 0.45, 0.53, 0.34, 0.5, 0.0, 0.52, 0.44, negative
0.42, 0.5, 0.59, 0.17, 0.5, 0.0, 0.51, 0.22, negative
0.25, 0.26, 0.53, 0.17, 0.5, 0.0, 0.45, 0.22, negative
0.49, 0.46, 0.54, 0.18, 0.5, 0.0, 0.35, 0.22, negative
0.4, 0.44, 0.5, 0.13, 0.5, 0.0, 0.52, 0.39, negative
0.57, 0.36, 0.51, 0.25, 0.5, 0.0, 0.54, 0.25, negative
0.52, 0.51, 0.48, 0.12, 0.5, 0.0, 0.54, 0.31, negative
0.56, 0.46, 0.51, 0.25, 0.5, 0.0, 0.54, 0.22, negative
0.66, 0.37, 0.6, 0.25, 0.5, 0.0, 0.69, 0.22, negative
0.73, 0.59, 0.35, 0.15, 0.5, 0.0, 0.54, 0.22, negative
0.4, 0.36, 0.32, 0.16, 0.5, 0.0, 0.51, 0.27, negative
0.25, 0.4, 0.54, 0.16, 0.5, 0.0, 0.43, 0.22, negative
0.5, 0.4, 0.57, 0.17, 0.5, 0.0, 0.59, 0.22, negative
0.77, 0.78, 0.27, 0.37, 0.5, 0.0, 0.49, 0.22, negative
0.46, 0.61, 0.55, 0.29, 0.5, 0.0, 0.49, 0.22, negative
0.65, 0.62, 0.26, 0.33, 0.5, 0.0, 0.55, 0.22, negative
0.48, 0.58, 0.47, 0.17, 0.5, 0.0, 0.53, 0.74, negative
0.72, 0.73, 0.41, 0.28, 0.5, 0.0, 0.44, 0.22, negative
0.49, 0.55, 0.35, 0.23, 0.5, 0.0, 0.57, 0.22, negative
0.35, 0.29, 0.46, 0.14, 0.5, 0.0, 0.54, 0.66, positive
0.47, 0.38, 0.58, 0.19, 0.5, 0.0, 0.57, 0.22, negative
0.67, 0.57, 0.36, 0.19, 0.5, 0.0, 0.56, 0.22, negative
