@relation .a/vehicle3/vehicle3
@attribute Compactness integer [73, 119]
@attribute Circularity integer [33, 59]
@attribute Distance_circularity integer [40, 112]
@attribute Radius_ratio integer [104, 333]
@attribute Praxis_aspect_ratio integer [47, 138]
@attribute Max_length_aspect_ratio integer [2, 55]
@attribute Scatter_ratio integer [112, 265]
@attribute Elongatedness integer [26, 61]
@attribute Praxis_rectangular integer [17, 29]
@attribute Length_rectangular integer [118, 188]
@attribute Major_variance integer [130, 320]
@attribute Minor_variance integer [184, 1018]
@attribute Gyration_radius integer [109, 268]
@attribute Major_skewness integer [59, 135]
@attribute Minor_skewness integer [0, 22]
@attribute Minor_kurtosis integer [0, 41]
@attribute Major_kurtosis integer [176, 206]
@attribute Hollows_ratio integer [181, 211]
@attribute Class {positive, negative}
@inputs Compactness, Circularity, Distance_circularity, Radius_ratio, Praxis_aspect_ratio, Max_length_aspect_ratio, Scatter_ratio, Elongatedness, Praxis_rectangular, Length_rectangular, Major_variance, Minor_variance, Gyration_radius, Major_skewness, Minor_skewness, Minor_kurtosis, Major_kurtosis, Hollows_ratio
@outputs Class
@data
107, 57, 106, 172, 50, 6, 255, 26, 28, 169, 280, 957, 264, 85, 5, 9, 181, 183, negative
102, 45, 85, 193, 64, 6, 192, 33, 22, 146, 217, 570, 163, 76, 6, 7, 195, 193, negative
98, 55, 101, 228, 70, 9, 210, 31, 24, 168, 236, 661, 245, 72, 1, 6, 188, 197, positive
97, 44, 96, 195, 63, 9, 185, 36, 22, 144, 202, 512, 165, 66, 4, 8, 191, 199, negative
83, 42, 66, 156, 67, 7, 150, 45, 19, 144, 174, 333, 159, 78, 4, 2, 182, 188, negative
89, 42, 89, 147, 61, 11, 151, 44, 19, 145, 170, 338, 163, 72, 11, 23, 187, 199, negative
94, 48, 87, 162, 64, 10, 157, 43, 20, 161, 179, 363, 186, 75, 4, 15, 184, 195, negative
95, 46, 105, 219, 68, 9, 201, 33, 23, 148, 223, 602, 201, 69, 5, 38, 191, 202, positive
92, 38, 60, 130, 62, 5, 114, 58, 17, 132, 135, 194, 137, 72, 14, 5, 190, 194, negative
108, 53, 103, 202, 64, 10, 220, 30, 25, 168, 224, 711, 214, 73, 11, 10, 188, 199, negative
100, 45, 100, 209, 65, 8, 201, 32, 23, 147, 231, 611, 189, 72, 5, 5, 189, 195, positive
102, 54, 100, 163, 53, 10, 213, 31, 24, 173, 219, 669, 201, 76, 12, 27, 187, 195, positive
91, 42, 80, 162, 66, 8, 148, 44, 19, 145, 171, 331, 147, 70, 3, 5, 189, 199, negative
91, 40, 76, 171, 67, 7, 149, 44, 19, 135, 169, 332, 144, 68, 4, 17, 192, 200, negative
93, 35, 72, 172, 62, 7, 149, 44, 19, 124, 169, 334, 125, 62, 5, 30, 203, 210, positive
110, 56, 103, 223, 64, 5, 250, 26, 27, 169, 280, 928, 239, 85, 4, 6, 184, 183, negative
96, 49, 98, 187, 59, 6, 213, 31, 24, 152, 228, 680, 210, 77, 8, 28, 188, 189, negative
103, 46, 106, 209, 66, 10, 203, 33, 23, 149, 217, 612, 210, 70, 9, 10, 191, 199, negative
86, 43, 66, 130, 56, 7, 152, 44, 19, 142, 177, 340, 173, 81, 6, 14, 181, 185, negative
89, 40, 58, 137, 58, 7, 122, 54, 17, 140, 146, 225, 150, 63, 7, 4, 199, 206, negative
85, 42, 64, 121, 55, 7, 149, 46, 19, 146, 167, 323, 172, 85, 1, 6, 179, 182, negative
86, 37, 69, 150, 63, 8, 138, 48, 18, 134, 163, 284, 124, 71, 1, 6, 189, 195, negative
85, 45, 65, 128, 56, 8, 151, 45, 19, 145, 170, 332, 186, 81, 1, 10, 179, 184, negative
84, 44, 80, 140, 58, 11, 156, 44, 20, 157, 166, 349, 176, 74, 5, 17, 183, 193, negative
80, 45, 71, 128, 56, 7, 151, 45, 19, 147, 171, 337, 176, 79, 3, 16, 181, 187, negative
91, 43, 88, 157, 61, 9, 149, 45, 19, 157, 165, 326, 140, 64, 1, 26, 197, 207, negative
116, 53, 110, 231, 67, 12, 217, 31, 24, 165, 231, 692, 222, 67, 16, 28, 192, 206, negative
89, 46, 77, 125, 52, 10, 156, 44, 20, 160, 171, 351, 177, 78, 7, 17, 183, 191, negative
89, 48, 85, 189, 64, 8, 169, 39, 20, 153, 188, 427, 190, 64, 16, 5, 195, 201, negative
96, 47, 103, 215, 69, 10, 200, 33, 23, 147, 220, 598, 200, 73, 6, 6, 187, 194, positive
88, 37, 57, 132, 62, 6, 135, 50, 18, 125, 151, 265, 144, 83, 16, 16, 180, 184, negative
91, 40, 98, 192, 64, 9, 177, 38, 21, 135, 194, 465, 165, 66, 9, 35, 195, 205, negative
105, 54, 100, 220, 69, 10, 221, 30, 25, 170, 232, 718, 202, 73, 0, 13, 187, 199, negative
86, 42, 65, 125, 54, 7, 150, 45, 19, 140, 171, 327, 172, 85, 2, 8, 180, 182, negative
101, 54, 106, 188, 57, 7, 236, 28, 26, 164, 256, 833, 253, 81, 6, 14, 185, 185, negative
96, 41, 77, 177, 64, 5, 177, 36, 21, 134, 205, 485, 148, 74, 0, 4, 196, 198, negative
105, 56, 98, 209, 64, 11, 217, 31, 24, 173, 225, 696, 216, 72, 2, 19, 188, 199, positive
90, 47, 85, 145, 58, 9, 152, 44, 19, 155, 175, 345, 184, 73, 4, 2, 186, 197, negative
108, 57, 106, 177, 51, 5, 256, 26, 28, 170, 285, 966, 261, 87, 11, 2, 182, 181, negative
88, 40, 73, 173, 68, 7, 150, 44, 19, 137, 174, 341, 151, 69, 2, 20, 196, 200, negative
78, 36, 51, 116, 56, 4, 120, 57, 17, 124, 135, 209, 135, 84, 1, 12, 177, 184, positive
99, 47, 91, 226, 74, 5, 202, 32, 23, 148, 234, 629, 186, 79, 4, 11, 192, 191, negative
104, 55, 109, 230, 67, 12, 218, 30, 24, 174, 230, 706, 226, 67, 8, 22, 191, 202, positive
101, 55, 101, 183, 57, 13, 225, 30, 25, 177, 225, 741, 204, 71, 5, 10, 186, 198, positive
89, 46, 78, 150, 63, 11, 160, 43, 20, 160, 170, 367, 176, 73, 5, 9, 185, 194, negative
104, 54, 91, 209, 67, 11, 218, 31, 24, 170, 223, 697, 196, 74, 4, 21, 187, 196, positive
90, 48, 78, 143, 60, 11, 161, 43, 20, 159, 172, 374, 186, 75, 2, 2, 184, 193, negative
83, 46, 71, 156, 70, 6, 151, 44, 19, 147, 174, 338, 198, 80, 3, 11, 181, 186, negative
102, 51, 108, 193, 57, 10, 212, 31, 24, 162, 219, 663, 184, 66, 7, 21, 191, 201, positive
108, 54, 109, 189, 57, 11, 220, 31, 25, 174, 229, 709, 214, 70, 12, 23, 189, 201, negative
89, 40, 89, 174, 58, 8, 177, 37, 21, 133, 202, 471, 155, 70, 7, 18, 189, 196, negative
90, 43, 81, 231, 97, 46, 150, 45, 19, 149, 200, 332, 164, 91, 5, 9, 186, 196, negative
109, 55, 96, 191, 57, 6, 241, 28, 26, 170, 267, 857, 242, 85, 8, 9, 184, 184, negative
88, 43, 70, 177, 74, 19, 152, 44, 19, 143, 180, 342, 168, 76, 1, 9, 186, 189, negative
94, 39, 75, 184, 72, 8, 155, 42, 19, 133, 175, 365, 145, 70, 4, 5, 192, 200, negative
107, 51, 103, 182, 56, 11, 213, 31, 24, 162, 226, 673, 217, 72, 2, 4, 188, 198, negative
94, 43, 69, 161, 59, 7, 152, 43, 19, 143, 175, 349, 187, 67, 12, 11, 193, 198, negative
109, 53, 103, 210, 63, 11, 219, 30, 25, 172, 229, 707, 212, 71, 6, 3, 188, 199, negative
84, 37, 70, 150, 61, 7, 137, 49, 18, 140, 156, 278, 121, 64, 0, 23, 196, 205, negative
92, 37, 75, 191, 71, 6, 161, 40, 20, 128, 180, 393, 135, 69, 1, 14, 195, 202, negative
98, 39, 68, 136, 56, 8, 131, 52, 18, 144, 159, 251, 134, 72, 4, 10, 186, 187, negative
108, 55, 105, 230, 68, 11, 218, 30, 24, 171, 228, 709, 210, 69, 14, 4, 190, 197, positive
89, 38, 77, 161, 62, 7, 149, 45, 19, 129, 174, 327, 153, 71, 6, 21, 188, 193, negative
86, 35, 44, 110, 54, 2, 119, 57, 17, 121, 139, 208, 137, 90, 6, 1, 180, 183, negative
95, 51, 96, 196, 63, 9, 190, 35, 22, 161, 208, 543, 235, 68, 13, 0, 191, 198, positive
91, 35, 66, 159, 59, 7, 147, 45, 19, 131, 169, 322, 123, 64, 1, 1, 197, 203, positive
82, 43, 73, 158, 68, 7, 151, 44, 19, 145, 181, 337, 173, 80, 2, 17, 183, 188, negative
90, 46, 73, 137, 58, 11, 161, 43, 20, 158, 170, 373, 186, 76, 0, 9, 182, 193, negative
99, 38, 74, 184, 66, 6, 164, 39, 20, 131, 193, 414, 137, 71, 2, 22, 200, 202, negative
88, 40, 69, 146, 59, 7, 130, 51, 18, 134, 147, 252, 144, 64, 1, 1, 193, 200, positive
105, 51, 105, 197, 60, 11, 191, 35, 22, 162, 207, 545, 194, 64, 18, 4, 196, 205, negative
89, 38, 82, 156, 59, 8, 153, 43, 19, 129, 179, 351, 137, 70, 1, 1, 187, 192, negative
83, 42, 71, 152, 64, 7, 149, 45, 19, 142, 172, 331, 158, 74, 2, 2, 184, 190, negative
96, 48, 83, 177, 59, 8, 171, 39, 21, 152, 195, 438, 196, 67, 15, 0, 195, 201, positive
93, 43, 78, 162, 64, 8, 137, 48, 18, 145, 156, 281, 159, 63, 17, 12, 203, 210, negative
90, 39, 85, 160, 59, 7, 163, 41, 20, 131, 189, 396, 158, 71, 7, 13, 186, 192, negative
100, 51, 104, 163, 52, 10, 206, 32, 23, 164, 217, 631, 193, 69, 5, 21, 188, 196, positive
88, 41, 80, 147, 62, 8, 146, 45, 19, 144, 169, 318, 161, 71, 4, 16, 188, 197, negative
97, 55, 103, 197, 63, 11, 215, 31, 24, 172, 219, 677, 219, 75, 5, 24, 185, 194, positive
81, 45, 68, 154, 69, 22, 151, 45, 19, 147, 186, 335, 186, 88, 1, 10, 180, 185, negative
106, 55, 96, 196, 60, 12, 221, 30, 25, 173, 225, 717, 214, 72, 9, 13, 186, 196, positive
86, 39, 84, 149, 57, 8, 156, 43, 20, 133, 185, 358, 157, 74, 0, 23, 183, 190, positive
100, 47, 70, 185, 70, 7, 162, 40, 20, 153, 179, 406, 172, 68, 9, 6, 200, 205, negative
108, 49, 109, 204, 61, 11, 212, 31, 24, 159, 229, 665, 215, 71, 16, 11, 190, 199, negative
