@relation .a/vehicle1/vehicle1
@attribute Compactness integer [73, 119]
@attribute Circularity integer [33, 59]
@attribute Distance_circularity integer [40, 112]
@attribute Radius_ratio integer [104, 333]
@attribute Praxis_aspect_ratio integer [47, 138]
@attribute Max_length_aspect_ratio integer [2, 55]
@attribute Scatter_ratio integer [112, 265]
@attribute Elongatedness integer [26, 61]
@attribute Praxis_rectangular integer [17, 29]
@attribute Length_rectangular integer [118, 188]
@attribute Major_variance integer [130, 320]
@attribute Minor_variance integer [184, 1018]
@attribute Gyration_radius integer [109, 268]
@attribute Major_skewness integer [59, 135]
@attribute Minor_skewness integer [0, 22]
@attribute Minor_kurtosis integer [0, 41]
@attribute Major_kurtosis integer [176, 206]
@attribute Hollows_ratio integer [181, 211]
@attribute Class {positive, negative}
@inputs Compactness, Circularity, Distance_circularity, Radius_ratio, Praxis_aspect_ratio, Max_length_aspect_ratio, Scatter_ratio, Elongatedness, Praxis_rectangular, Length_rectangular, Major_variance, Minor_variance, Gyration_radius, Major_skewness, Minor_skewness, Minor_kurtosis, Major_kurtosis, Hollows_ratio
@outputs Class
@data
85, 44, 70, 205, 103, 52, 149, 45, 19, 144, 241, 325, 188, 127, 9, 11, 180, 183, negative
94, 49, 79, 203, 71, 5, 174, 37, 21, 154, 196, 465, 206, 71, 6, 2, 197, 199, negative
91, 43, 70, 133, 55, 8, 130, 51, 18, 146, 159, 253, 156, 70, 1, 8, 190, 194, negative
101, 42, 62, 175, 67, 6, 149, 43, 19, 139, 169, 341, 165, 65, 7, 11, 202, 209, negative
101, 56, 104, 185, 53, 6, 257, 26, 28, 168, 275, 956, 230, 83, 5, 26, 180, 184, negative
81, 43, 68, 125, 57, 8, 149, 46, 19, 146, 169, 323, 172, 83, 6, 18, 179, 184, negative
79, 40, 80, 133, 55, 7, 147, 47, 19, 135, 172, 311, 144, 76, 8, 30, 181, 193, negative
86, 37, 60, 115, 54, 5, 119, 56, 17, 132, 141, 209, 129, 72, 2, 8, 186, 190, negative
94, 38, 84, 158, 55, 9, 169, 39, 20, 130, 196, 430, 155, 69, 9, 15, 190, 195, negative
95, 42, 85, 174, 66, 9, 153, 44, 19, 144, 168, 347, 150, 65, 11, 5, 196, 204, negative
99, 48, 79, 199, 68, 6, 185, 35, 22, 153, 202, 524, 171, 74, 5, 8, 195, 195, negative
77, 38, 75, 144, 59, 6, 147, 46, 19, 132, 167, 315, 136, 80, 16, 20, 181, 187, negative
97, 45, 88, 173, 67, 10, 157, 43, 20, 157, 173, 365, 157, 67, 8, 12, 192, 200, negative
82, 45, 68, 139, 64, 6, 147, 46, 19, 143, 169, 320, 184, 80, 0, 1, 181, 184, negative
98, 38, 70, 125, 52, 8, 130, 53, 18, 139, 157, 243, 132, 74, 0, 13, 186, 185, negative
96, 49, 98, 187, 59, 6, 213, 31, 24, 152, 228, 680, 210, 77, 8, 28, 188, 189, negative
89, 44, 72, 160, 66, 7, 144, 46, 19, 147, 166, 312, 169, 69, 11, 1, 191, 198, negative
84, 35, 53, 122, 57, 4, 116, 59, 17, 123, 135, 196, 128, 76, 10, 27, 183, 190, positive
103, 46, 106, 209, 66, 10, 203, 33, 23, 149, 217, 612, 210, 70, 9, 10, 191, 199, positive
87, 40, 81, 162, 68, 10, 146, 46, 19, 139, 167, 317, 157, 70, 0, 13, 189, 199, negative
107, 56, 104, 231, 71, 11, 219, 31, 25, 172, 226, 705, 217, 71, 19, 11, 189, 196, positive
90, 39, 86, 169, 62, 7, 162, 41, 20, 131, 194, 388, 147, 74, 1, 22, 185, 191, negative
99, 55, 101, 206, 62, 13, 222, 30, 25, 180, 225, 722, 213, 71, 2, 3, 186, 196, negative
105, 54, 106, 215, 68, 10, 208, 32, 24, 166, 217, 640, 218, 69, 14, 23, 189, 199, positive
100, 52, 104, 189, 59, 10, 208, 32, 24, 163, 220, 642, 197, 70, 1, 22, 187, 198, positive
93, 42, 64, 158, 68, 9, 134, 49, 18, 142, 163, 268, 170, 71, 7, 13, 192, 201, negative
93, 45, 73, 164, 59, 7, 159, 42, 20, 146, 182, 379, 188, 65, 11, 15, 195, 201, negative
94, 43, 68, 170, 67, 6, 142, 46, 18, 142, 164, 310, 177, 65, 10, 8, 198, 203, negative
112, 50, 110, 186, 56, 11, 214, 31, 24, 159, 232, 676, 203, 71, 18, 27, 191, 202, positive
89, 46, 77, 125, 52, 10, 156, 44, 20, 160, 171, 351, 177, 78, 7, 17, 183, 191, negative
89, 48, 85, 189, 64, 8, 169, 39, 20, 153, 188, 427, 190, 64, 16, 5, 195, 201, positive
88, 37, 57, 132, 62, 6, 135, 50, 18, 125, 151, 265, 144, 83, 16, 16, 180, 184, positive
91, 40, 98, 192, 64, 9, 177, 38, 21, 135, 194, 465, 165, 66, 9, 35, 195, 205, positive
93, 43, 78, 166, 59, 7, 151, 44, 19, 141, 182, 342, 174, 68, 15, 2, 193, 197, negative
104, 52, 96, 188, 59, 9, 188, 35, 22, 161, 206, 530, 205, 67, 11, 8, 193, 200, negative
109, 49, 109, 193, 59, 10, 207, 32, 24, 156, 225, 635, 213, 70, 13, 31, 191, 202, positive
90, 47, 85, 149, 60, 10, 155, 43, 19, 155, 179, 355, 186, 75, 1, 5, 185, 196, negative
96, 47, 77, 204, 72, 6, 167, 38, 20, 150, 188, 429, 182, 69, 6, 16, 199, 203, negative
81, 46, 71, 141, 61, 7, 153, 44, 19, 148, 177, 347, 190, 80, 1, 14, 182, 187, negative
91, 38, 75, 136, 53, 6, 144, 47, 19, 131, 165, 305, 149, 69, 1, 7, 186, 191, positive
80, 43, 71, 133, 60, 7, 150, 45, 19, 146, 170, 330, 176, 81, 6, 15, 180, 184, negative
91, 41, 93, 197, 65, 9, 183, 36, 21, 137, 202, 504, 153, 66, 11, 24, 193, 200, negative
106, 53, 98, 203, 63, 11, 220, 30, 25, 167, 228, 710, 214, 71, 10, 24, 188, 197, negative
112, 50, 104, 197, 58, 11, 208, 32, 24, 159, 223, 639, 186, 67, 15, 22, 191, 202, positive
84, 37, 70, 145, 62, 9, 136, 48, 18, 134, 159, 280, 140, 68, 11, 9, 194, 202, negative
92, 38, 74, 178, 62, 9, 161, 41, 20, 135, 181, 388, 132, 63, 7, 29, 197, 206, negative
97, 47, 81, 183, 64, 8, 168, 39, 20, 150, 193, 426, 182, 70, 11, 2, 192, 198, negative
82, 43, 71, 154, 68, 7, 150, 45, 19, 143, 171, 330, 173, 78, 7, 11, 181, 186, negative
86, 38, 76, 143, 59, 8, 142, 47, 18, 131, 167, 301, 138, 71, 5, 10, 189, 196, negative
105, 54, 96, 185, 57, 10, 219, 30, 25, 170, 231, 706, 217, 75, 5, 12, 187, 195, negative
95, 46, 92, 159, 63, 11, 160, 42, 20, 157, 176, 372, 171, 70, 7, 21, 189, 200, negative
101, 55, 105, 182, 59, 10, 215, 31, 24, 177, 221, 678, 223, 74, 12, 26, 186, 195, negative
88, 38, 77, 156, 56, 7, 163, 41, 20, 129, 184, 395, 140, 67, 1, 9, 192, 198, negative
95, 37, 71, 171, 61, 9, 157, 43, 20, 134, 178, 365, 125, 63, 5, 40, 196, 208, positive
107, 54, 108, 228, 68, 12, 218, 31, 25, 170, 223, 700, 224, 67, 13, 25, 190, 204, positive
90, 39, 57, 114, 48, 7, 135, 51, 18, 139, 155, 261, 151, 85, 12, 8, 183, 182, negative
108, 56, 102, 246, 75, 6, 239, 28, 26, 167, 264, 855, 228, 82, 9, 13, 186, 185, negative
86, 40, 66, 138, 59, 4, 137, 49, 18, 133, 162, 279, 151, 74, 6, 14, 186, 190, positive
85, 42, 66, 120, 53, 7, 149, 45, 19, 145, 173, 325, 163, 85, 5, 4, 180, 182, negative
100, 51, 89, 199, 65, 6, 201, 32, 23, 159, 219, 622, 205, 74, 6, 7, 193, 193, negative
84, 38, 74, 138, 57, 8, 139, 49, 18, 127, 160, 282, 127, 72, 9, 20, 183, 191, negative
100, 51, 109, 231, 70, 11, 220, 30, 25, 163, 238, 722, 206, 73, 11, 19, 189, 198, negative
87, 42, 60, 116, 51, 6, 150, 46, 19, 141, 169, 324, 171, 85, 2, 14, 178, 182, negative
98, 39, 68, 136, 56, 8, 131, 52, 18, 144, 159, 251, 134, 72, 4, 10, 186, 187, negative
108, 55, 105, 230, 68, 11, 218, 30, 24, 171, 228, 709, 210, 69, 14, 4, 190, 197, negative
85, 40, 66, 136, 58, 6, 142, 48, 19, 137, 164, 295, 164, 77, 2, 22, 182, 186, positive
86, 35, 44, 110, 54, 2, 119, 57, 17, 121, 139, 208, 137, 90, 6, 1, 180, 183, negative
95, 42, 96, 197, 65, 9, 178, 37, 21, 141, 199, 474, 149, 67, 1, 29, 193, 200, negative
100, 52, 109, 225, 68, 10, 222, 30, 25, 165, 241, 731, 207, 73, 7, 28, 188, 199, negative
97, 41, 88, 184, 59, 9, 175, 38, 21, 140, 192, 459, 147, 63, 1, 5, 196, 205, positive
101, 55, 107, 200, 61, 11, 225, 30, 25, 178, 228, 730, 204, 74, 8, 35, 187, 201, negative
86, 37, 77, 144, 54, 7, 154, 43, 19, 127, 179, 352, 145, 71, 14, 13, 186, 191, negative
109, 52, 104, 199, 60, 12, 215, 31, 24, 162, 220, 691, 212, 67, 11, 7, 189, 199, positive
80, 43, 68, 123, 53, 7, 150, 46, 19, 147, 169, 327, 176, 81, 7, 14, 179, 184, negative
93, 51, 90, 209, 69, 8, 183, 36, 22, 156, 211, 506, 230, 70, 6, 1, 189, 196, positive
98, 38, 78, 191, 65, 8, 169, 39, 20, 136, 197, 430, 141, 67, 9, 20, 192, 199, positive
109, 47, 96, 206, 64, 9, 198, 33, 23, 150, 219, 586, 191, 70, 4, 13, 190, 198, positive
98, 46, 88, 191, 63, 6, 192, 34, 22, 147, 215, 563, 174, 73, 2, 26, 194, 197, negative
85, 38, 63, 130, 55, 7, 122, 55, 17, 130, 137, 219, 144, 64, 20, 8, 195, 201, negative
83, 46, 68, 139, 59, 6, 150, 44, 19, 146, 172, 336, 183, 74, 5, 3, 185, 191, negative
95, 43, 96, 202, 65, 10, 189, 35, 22, 143, 217, 534, 166, 71, 6, 27, 190, 197, negative
106, 55, 96, 196, 60, 12, 221, 30, 25, 173, 225, 717, 214, 72, 9, 13, 186, 196, negative
92, 46, 83, 154, 56, 6, 160, 41, 20, 148, 185, 382, 184, 71, 10, 5, 186, 191, positive
89, 46, 84, 163, 66, 11, 159, 43, 20, 159, 173, 368, 176, 72, 1, 20, 186, 197, negative
85, 36, 66, 123, 55, 5, 120, 56, 17, 128, 140, 212, 131, 73, 1, 18, 186, 190, negative
