@relation .a/vehicle1/vehicle1
@attribute Compactness integer [73, 119]
@attribute Circularity integer [33, 59]
@attribute Distance_circularity integer [40, 112]
@attribute Radius_ratio integer [104, 333]
@attribute Praxis_aspect_ratio integer [47, 138]
@attribute Max_length_aspect_ratio integer [2, 55]
@attribute Scatter_ratio integer [112, 265]
@attribute Elongatedness integer [26, 61]
@attribute Praxis_rectangular integer [17, 29]
@attribute Length_rectangular integer [118, 188]
@attribute Major_variance integer [130, 320]
@attribute Minor_variance integer [184, 1018]
@attribute Gyration_radius integer [109, 268]
@attribute Major_skewness integer [59, 135]
@attribute Minor_skewness integer [0, 22]
@attribute Minor_kurtosis integer [0, 41]
@attribute Major_kurtosis integer [176, 206]
@attribute Hollows_ratio integer [181, 211]
@attribute Class {positive, negative}
@inputs Compactness, Circularity, Distance_circularity, Radius_ratio, Praxis_aspect_ratio, Max_length_aspect_ratio, Scatter_ratio, Elongatedness, Praxis_rectangular, Length_rectangular, Major_variance, Minor_variance, Gyration_radius, Major_skewness, Minor_skewness, Minor_kurtosis, Major_kurtosis, Hollows_ratio
@outputs Class
@data
93, 41, 82, 159, 63, 9, 144, 46, 19, 143, 160, 309, 127, 63, 6, 10, 199, 207, negative
97, 43, 73, 173, 65, 6, 153, 42, 19, 143, 176, 361, 172, 66, 13, 1, 200, 204, negative
96, 55, 103, 201, 65, 9, 204, 32, 23, 166, 227, 624, 246, 74, 6, 2, 186, 194, negative
85, 45, 80, 154, 64, 9, 147, 45, 19, 148, 169, 324, 174, 71, 1, 4, 188, 199, negative
81, 45, 68, 169, 73, 6, 151, 44, 19, 146, 173, 336, 186, 75, 7, 0, 183, 189, negative
94, 49, 87, 137, 54, 11, 158, 43, 20, 162, 178, 366, 186, 75, 5, 5, 183, 194, negative
85, 42, 66, 122, 54, 6, 148, 46, 19, 141, 172, 317, 174, 88, 6, 14, 180, 182, negative
107, 53, 103, 221, 66, 11, 209, 32, 24, 163, 222, 653, 212, 66, 0, 1, 191, 201, negative
77, 38, 63, 135, 59, 5, 130, 52, 18, 130, 145, 247, 139, 79, 13, 21, 183, 187, negative
110, 58, 106, 180, 51, 6, 261, 26, 28, 171, 278, 998, 257, 83, 9, 13, 181, 182, negative
94, 48, 83, 162, 64, 10, 156, 43, 19, 153, 177, 357, 187, 74, 4, 14, 185, 196, negative
109, 53, 109, 221, 69, 12, 221, 31, 25, 169, 226, 712, 212, 72, 13, 28, 188, 201, positive
92, 40, 82, 163, 63, 9, 146, 45, 19, 140, 165, 319, 137, 64, 9, 0, 199, 206, negative
85, 41, 66, 155, 65, 22, 149, 45, 19, 139, 173, 330, 155, 75, 6, 16, 184, 191, negative
100, 48, 95, 209, 68, 7, 199, 32, 23, 150, 216, 605, 200, 73, 7, 11, 192, 194, negative
86, 48, 75, 136, 58, 10, 161, 43, 20, 163, 170, 371, 185, 75, 3, 1, 183, 192, negative
90, 37, 80, 171, 58, 9, 157, 42, 20, 132, 172, 373, 115, 60, 3, 18, 201, 209, positive
103, 54, 107, 218, 64, 12, 222, 30, 25, 174, 221, 728, 199, 67, 0, 18, 189, 200, negative
94, 45, 81, 166, 67, 9, 145, 46, 19, 147, 164, 313, 179, 66, 11, 14, 194, 202, negative
89, 44, 70, 137, 58, 6, 136, 49, 18, 146, 168, 273, 166, 78, 10, 3, 186, 187, negative
94, 35, 66, 147, 62, 9, 131, 50, 18, 127, 159, 258, 115, 66, 8, 7, 196, 201, negative
85, 35, 47, 110, 55, 3, 117, 57, 17, 122, 136, 203, 139, 89, 5, 9, 180, 184, negative
85, 47, 75, 121, 53, 9, 157, 44, 20, 165, 168, 358, 176, 77, 1, 7, 182, 191, negative
84, 44, 80, 140, 58, 11, 156, 44, 20, 157, 166, 349, 176, 74, 5, 17, 183, 193, negative
99, 48, 104, 196, 63, 10, 201, 33, 23, 152, 221, 604, 199, 73, 8, 4, 188, 197, positive
86, 42, 65, 116, 53, 6, 152, 45, 19, 141, 175, 335, 172, 85, 5, 4, 179, 183, negative
93, 45, 83, 142, 56, 10, 157, 43, 20, 155, 180, 364, 188, 75, 1, 21, 184, 197, negative
113, 57, 109, 194, 56, 6, 260, 26, 28, 175, 288, 982, 261, 85, 11, 21, 182, 183, negative
87, 43, 65, 127, 56, 8, 149, 46, 19, 143, 169, 322, 171, 85, 6, 3, 180, 182, negative
98, 51, 96, 203, 66, 10, 188, 35, 22, 157, 207, 533, 231, 68, 10, 1, 191, 199, positive
82, 44, 63, 123, 54, 7, 151, 45, 19, 147, 166, 329, 185, 81, 3, 4, 179, 182, negative
106, 49, 96, 201, 61, 10, 181, 36, 21, 158, 197, 494, 180, 62, 19, 15, 202, 209, negative
95, 44, 84, 158, 62, 10, 145, 46, 19, 148, 163, 312, 166, 64, 10, 6, 199, 206, negative
82, 37, 59, 134, 63, 7, 135, 51, 18, 128, 151, 264, 143, 82, 11, 24, 179, 185, positive
97, 47, 87, 164, 64, 9, 156, 43, 20, 149, 173, 359, 182, 68, 1, 13, 192, 202, negative
80, 39, 60, 122, 56, 6, 139, 49, 18, 131, 151, 281, 142, 80, 0, 5, 179, 186, negative
90, 49, 83, 187, 63, 7, 176, 37, 21, 154, 205, 467, 222, 70, 1, 2, 189, 195, positive
98, 38, 70, 186, 68, 6, 164, 39, 20, 136, 189, 413, 129, 71, 3, 17, 200, 203, negative
103, 48, 101, 204, 62, 12, 200, 33, 23, 158, 215, 595, 164, 66, 8, 22, 192, 202, negative
93, 34, 72, 144, 56, 6, 133, 50, 18, 123, 158, 263, 125, 63, 5, 20, 200, 206, positive
89, 36, 69, 142, 57, 7, 135, 50, 18, 126, 154, 266, 128, 66, 3, 36, 193, 203, negative
93, 42, 64, 123, 51, 7, 135, 51, 18, 144, 164, 262, 155, 78, 16, 12, 185, 185, negative
91, 46, 75, 185, 75, 7, 154, 42, 19, 147, 178, 362, 192, 72, 8, 8, 192, 199, negative
81, 43, 68, 139, 62, 7, 149, 46, 19, 145, 172, 323, 171, 83, 1, 14, 180, 184, negative
82, 39, 86, 140, 54, 7, 153, 45, 19, 134, 174, 338, 139, 71, 11, 18, 183, 189, negative
89, 40, 89, 174, 58, 8, 177, 37, 21, 133, 202, 471, 155, 70, 7, 18, 189, 196, positive
96, 37, 74, 187, 68, 8, 159, 42, 20, 134, 183, 378, 134, 69, 3, 16, 190, 197, positive
86, 45, 66, 126, 57, 8, 148, 46, 19, 145, 170, 321, 186, 86, 0, 7, 179, 182, negative
86, 43, 69, 123, 54, 6, 150, 46, 19, 144, 174, 325, 177, 87, 3, 7, 180, 182, negative
105, 53, 108, 206, 63, 12, 222, 31, 25, 168, 226, 712, 201, 71, 15, 35, 189, 203, positive
89, 47, 80, 131, 54, 11, 160, 43, 20, 163, 175, 369, 174, 77, 1, 7, 182, 193, negative
98, 55, 108, 168, 53, 11, 224, 30, 25, 178, 231, 737, 217, 73, 8, 30, 187, 198, negative
89, 38, 78, 153, 61, 7, 146, 46, 19, 127, 166, 314, 142, 69, 0, 9, 187, 194, negative
106, 52, 108, 207, 64, 12, 221, 31, 25, 168, 229, 709, 200, 73, 22, 38, 190, 205, positive
86, 40, 63, 135, 56, 5, 133, 50, 18, 135, 152, 262, 166, 70, 9, 2, 187, 191, positive
102, 52, 101, 213, 64, 10, 203, 33, 23, 157, 214, 616, 186, 65, 0, 19, 193, 203, negative
96, 46, 88, 160, 64, 9, 151, 44, 19, 148, 173, 339, 182, 70, 15, 11, 192, 199, negative
85, 38, 75, 132, 54, 7, 147, 46, 19, 131, 171, 318, 145, 75, 7, 25, 183, 188, positive
105, 53, 105, 184, 57, 11, 211, 31, 24, 168, 224, 661, 218, 71, 0, 15, 186, 197, positive
90, 43, 72, 157, 64, 8, 136, 49, 18, 145, 158, 279, 167, 64, 4, 6, 201, 209, negative
110, 53, 104, 223, 66, 10, 211, 32, 24, 164, 223, 659, 210, 67, 5, 16, 190, 203, positive
91, 35, 66, 159, 59, 7, 147, 45, 19, 131, 169, 322, 123, 64, 1, 1, 197, 203, negative
110, 56, 109, 199, 57, 5, 251, 27, 27, 169, 272, 928, 268, 82, 11, 10, 183, 183, negative
106, 57, 107, 235, 67, 6, 262, 26, 28, 171, 285, 987, 260, 86, 9, 31, 180, 184, negative
89, 35, 52, 121, 57, 4, 122, 55, 17, 125, 139, 220, 128, 82, 5, 13, 181, 184, positive
105, 51, 105, 197, 60, 11, 191, 35, 22, 162, 207, 545, 194, 64, 18, 4, 196, 205, positive
110, 54, 102, 201, 64, 11, 213, 31, 24, 171, 222, 669, 221, 73, 17, 16, 188, 198, positive
94, 49, 82, 137, 56, 10, 159, 43, 20, 160, 176, 367, 186, 76, 10, 7, 183, 192, negative
105, 46, 100, 195, 61, 9, 193, 34, 22, 150, 207, 557, 161, 65, 5, 9, 194, 202, negative
100, 50, 98, 204, 63, 6, 218, 30, 24, 156, 232, 719, 213, 77, 8, 7, 189, 189, negative
96, 44, 85, 166, 66, 10, 155, 43, 19, 150, 167, 355, 159, 67, 3, 10, 192, 202, negative
93, 46, 85, 169, 66, 9, 151, 44, 19, 147, 169, 339, 179, 67, 0, 4, 195, 204, negative
91, 43, 72, 142, 56, 7, 149, 45, 19, 140, 168, 327, 165, 72, 13, 23, 186, 191, positive
115, 51, 100, 201, 60, 12, 196, 34, 23, 162, 207, 573, 184, 62, 22, 1, 198, 208, positive
80, 44, 68, 120, 53, 8, 151, 45, 19, 146, 170, 333, 190, 80, 4, 16, 180, 185, negative
106, 53, 98, 154, 47, 4, 237, 28, 26, 164, 263, 838, 222, 82, 4, 17, 185, 184, negative
87, 44, 98, 211, 70, 10, 189, 35, 22, 141, 214, 535, 178, 71, 2, 21, 187, 194, negative
107, 54, 96, 201, 62, 12, 218, 31, 24, 170, 221, 694, 217, 71, 2, 21, 187, 198, positive
87, 37, 52, 116, 54, 6, 115, 58, 17, 126, 135, 196, 144, 74, 11, 22, 186, 190, negative
92, 39, 76, 180, 71, 6, 152, 43, 19, 131, 179, 350, 143, 72, 6, 14, 195, 200, negative
84, 38, 60, 128, 56, 5, 132, 50, 18, 130, 148, 261, 141, 75, 8, 4, 185, 188, negative
104, 52, 101, 206, 62, 10, 198, 33, 23, 161, 207, 587, 204, 64, 2, 5, 195, 204, negative
97, 55, 103, 197, 63, 11, 215, 31, 24, 172, 219, 677, 219, 75, 5, 24, 185, 194, negative
86, 36, 78, 146, 58, 7, 135, 50, 18, 124, 155, 270, 148, 66, 0, 25, 190, 195, positive
