@relation .a/vehicle1/vehicle1
@attribute Compactness integer [73, 119]
@attribute Circularity integer [33, 59]
@attribute Distance_circularity integer [40, 112]
@attribute Radius_ratio integer [104, 333]
@attribute Praxis_aspect_ratio integer [47, 138]
@attribute Max_length_aspect_ratio integer [2, 55]
@attribute Scatter_ratio integer [112, 265]
@attribute Elongatedness integer [26, 61]
@attribute Praxis_rectangular integer [17, 29]
@attribute Length_rectangular integer [118, 188]
@attribute Major_variance integer [130, 320]
@attribute Minor_variance integer [184, 1018]
@attribute Gyration_radius integer [109, 268]
@attribute Major_skewness integer [59, 135]
@attribute Minor_skewness integer [0, 22]
@attribute Minor_kurtosis integer [0, 41]
@attribute Major_kurtosis integer [176, 206]
@attribute Hollows_ratio integer [181, 211]
@attribute Class {positive, negative}
@inputs Compactness, Circularity, Distance_circularity, Radius_ratio, Praxis_aspect_ratio, Max_length_aspect_ratio, Scatter_ratio, Elongatedness, Praxis_rectangular, Length_rectangular, Major_variance, Minor_variance, Gyration_radius, Major_skewness, Minor_skewness, Minor_kurtosis, Major_kurtosis, Hollows_ratio
@outputs Class
@data
93, 44, 98, 197, 62, 11, 183, 36, 22, 146, 202, 505, 152, 64, 4, 14, 195, 204, positive
84, 37, 53, 121, 59, 5, 123, 55, 17, 125, 141, 221, 133, 82, 7, 1, 179, 183, negative
89, 43, 85, 160, 64, 11, 155, 43, 19, 151, 173, 356, 174, 72, 5, 9, 185, 196, negative
88, 42, 77, 151, 58, 8, 140, 47, 18, 142, 165, 293, 158, 64, 10, 11, 198, 205, positive
101, 48, 107, 222, 68, 10, 208, 32, 24, 154, 232, 641, 204, 70, 5, 38, 190, 202, negative
87, 38, 85, 177, 61, 8, 164, 40, 20, 129, 186, 402, 130, 63, 1, 25, 198, 205, negative
100, 46, 90, 172, 67, 9, 157, 43, 20, 150, 170, 363, 184, 67, 17, 7, 192, 200, negative
119, 54, 106, 220, 65, 12, 213, 31, 24, 167, 223, 675, 232, 66, 20, 1, 192, 202, positive
92, 38, 71, 174, 66, 7, 154, 43, 19, 133, 181, 355, 130, 70, 4, 24, 189, 195, positive
98, 55, 101, 228, 70, 9, 210, 31, 24, 168, 236, 661, 245, 72, 1, 6, 188, 197, negative
92, 39, 91, 191, 62, 8, 176, 37, 21, 137, 196, 466, 151, 67, 3, 23, 192, 200, negative
87, 46, 71, 159, 66, 6, 151, 44, 19, 146, 175, 343, 189, 73, 2, 0, 186, 190, negative
89, 40, 76, 188, 76, 7, 150, 44, 19, 136, 174, 342, 148, 72, 3, 8, 193, 197, negative
89, 42, 80, 151, 62, 6, 144, 46, 19, 139, 166, 308, 170, 74, 17, 13, 185, 189, positive
82, 45, 66, 252, 126, 52, 148, 45, 19, 144, 237, 326, 185, 119, 1, 1, 181, 185, negative
95, 47, 88, 162, 64, 11, 159, 43, 20, 157, 176, 371, 185, 71, 12, 13, 189, 198, negative
90, 36, 57, 130, 57, 6, 121, 56, 17, 127, 137, 216, 132, 68, 22, 23, 190, 195, positive
89, 47, 83, 322, 133, 48, 158, 43, 20, 163, 229, 364, 176, 97, 0, 14, 184, 194, negative
88, 37, 63, 130, 58, 5, 125, 54, 18, 130, 141, 230, 145, 74, 14, 20, 184, 188, positive
95, 45, 80, 186, 62, 7, 164, 40, 20, 145, 188, 406, 178, 65, 11, 18, 199, 204, negative
100, 46, 85, 164, 64, 11, 163, 42, 20, 163, 176, 387, 170, 71, 18, 0, 189, 196, negative
85, 36, 78, 149, 55, 7, 147, 45, 19, 128, 168, 321, 134, 64, 10, 24, 197, 203, negative
85, 40, 72, 139, 59, 5, 132, 50, 18, 135, 159, 260, 150, 68, 3, 9, 191, 195, positive
93, 48, 84, 150, 63, 11, 156, 44, 20, 165, 171, 354, 188, 73, 8, 15, 185, 195, negative
91, 42, 66, 169, 66, 7, 145, 44, 19, 140, 169, 325, 159, 67, 4, 0, 201, 207, negative
98, 45, 76, 166, 60, 7, 157, 42, 20, 148, 184, 371, 186, 69, 13, 10, 190, 196, negative
90, 36, 78, 179, 64, 8, 157, 42, 19, 126, 182, 367, 142, 66, 1, 20, 192, 198, negative
97, 48, 94, 198, 63, 9, 181, 36, 21, 155, 200, 494, 189, 64, 20, 11, 199, 203, negative
111, 54, 103, 171, 50, 11, 221, 30, 25, 172, 227, 727, 201, 69, 15, 6, 190, 198, negative
86, 37, 69, 150, 63, 8, 138, 48, 18, 134, 163, 284, 124, 71, 1, 6, 189, 195, negative
83, 44, 68, 144, 61, 8, 147, 45, 19, 143, 170, 325, 180, 74, 1, 1, 185, 191, negative
85, 39, 57, 126, 56, 6, 114, 58, 17, 135, 134, 195, 145, 64, 17, 7, 197, 202, negative
95, 36, 73, 191, 73, 6, 156, 41, 19, 126, 184, 374, 124, 71, 2, 19, 199, 204, negative
89, 40, 60, 131, 56, 6, 118, 56, 17, 137, 143, 209, 153, 65, 10, 8, 193, 199, negative
83, 46, 73, 137, 59, 6, 148, 45, 19, 146, 167, 327, 183, 75, 8, 0, 185, 191, negative
109, 51, 100, 197, 59, 10, 192, 34, 22, 161, 210, 553, 195, 64, 14, 3, 196, 202, negative
95, 45, 105, 208, 64, 10, 187, 36, 22, 150, 202, 520, 158, 64, 7, 32, 198, 211, positive
89, 44, 82, 136, 54, 6, 149, 45, 19, 144, 170, 332, 168, 68, 10, 14, 188, 193, negative
81, 47, 69, 146, 64, 6, 151, 44, 19, 147, 171, 340, 195, 75, 5, 0, 183, 188, negative
98, 50, 90, 192, 63, 9, 177, 37, 21, 155, 195, 472, 197, 65, 10, 1, 193, 201, positive
93, 42, 88, 188, 62, 10, 183, 36, 21, 141, 208, 504, 168, 70, 3, 12, 189, 197, negative
89, 47, 85, 147, 58, 10, 153, 44, 19, 151, 175, 349, 186, 74, 13, 7, 186, 197, negative
107, 53, 108, 213, 64, 12, 206, 32, 23, 163, 216, 627, 202, 65, 21, 22, 194, 205, positive
86, 45, 71, 155, 66, 7, 146, 45, 19, 144, 167, 322, 176, 72, 5, 6, 189, 196, negative
78, 36, 51, 116, 56, 4, 120, 57, 17, 124, 135, 209, 135, 84, 1, 12, 177, 184, negative
96, 39, 58, 117, 51, 6, 133, 52, 18, 139, 154, 255, 150, 86, 6, 0, 181, 182, negative
84, 38, 83, 141, 54, 7, 149, 45, 19, 132, 177, 327, 149, 74, 6, 29, 185, 191, positive
84, 40, 71, 131, 55, 7, 150, 45, 19, 134, 167, 330, 165, 80, 12, 1, 180, 186, negative
90, 47, 73, 136, 58, 11, 161, 42, 20, 153, 172, 376, 185, 77, 11, 8, 183, 191, negative
106, 52, 107, 211, 62, 8, 200, 33, 23, 161, 218, 602, 200, 67, 9, 17, 194, 201, negative
104, 55, 109, 230, 67, 12, 218, 30, 24, 174, 230, 706, 226, 67, 8, 22, 191, 202, negative
90, 48, 78, 143, 60, 11, 161, 43, 20, 159, 172, 374, 186, 75, 2, 2, 184, 193, negative
108, 54, 109, 189, 57, 11, 220, 31, 25, 174, 229, 709, 214, 70, 12, 23, 189, 201, positive
102, 54, 98, 177, 56, 10, 219, 31, 25, 171, 219, 706, 223, 72, 5, 17, 186, 196, negative
94, 45, 72, 179, 69, 6, 156, 41, 19, 144, 181, 373, 191, 69, 5, 5, 193, 198, negative
88, 36, 53, 113, 57, 3, 118, 57, 17, 128, 137, 204, 136, 88, 7, 14, 180, 183, negative
93, 35, 78, 162, 60, 8, 150, 45, 19, 125, 172, 331, 137, 67, 2, 33, 191, 198, negative
103, 54, 107, 189, 56, 11, 223, 30, 25, 174, 225, 729, 200, 70, 0, 29, 187, 201, negative
109, 49, 103, 186, 57, 11, 206, 32, 23, 156, 212, 630, 186, 65, 12, 21, 192, 201, negative
95, 47, 73, 195, 70, 7, 167, 38, 20, 152, 184, 430, 185, 69, 9, 19, 200, 206, negative
104, 49, 105, 209, 61, 11, 207, 32, 24, 157, 217, 637, 168, 64, 0, 19, 193, 207, positive
98, 44, 88, 176, 67, 10, 158, 43, 20, 149, 173, 367, 154, 66, 14, 9, 194, 202, negative
88, 34, 58, 140, 59, 6, 127, 52, 18, 130, 148, 243, 113, 63, 4, 10, 199, 206, negative
107, 51, 103, 182, 56, 11, 213, 31, 24, 162, 226, 673, 217, 72, 2, 4, 188, 198, positive
113, 48, 98, 208, 62, 9, 203, 33, 23, 151, 216, 613, 183, 64, 17, 29, 193, 204, positive
113, 53, 93, 197, 62, 11, 216, 31, 24, 165, 221, 688, 196, 72, 6, 25, 188, 199, positive
94, 43, 69, 161, 59, 7, 152, 43, 19, 143, 175, 349, 187, 67, 12, 11, 193, 198, positive
89, 50, 83, 195, 65, 6, 178, 37, 21, 156, 207, 481, 210, 71, 1, 6, 189, 194, negative
86, 39, 62, 129, 59, 6, 116, 57, 17, 135, 137, 203, 145, 64, 7, 9, 199, 204, negative
103, 56, 105, 183, 59, 10, 210, 32, 24, 173, 217, 648, 218, 72, 13, 22, 188, 196, negative
80, 34, 42, 110, 57, 3, 114, 59, 17, 119, 131, 191, 121, 87, 4, 7, 179, 183, negative
84, 36, 75, 136, 55, 6, 140, 48, 18, 125, 166, 290, 138, 71, 4, 36, 189, 195, positive
86, 44, 65, 129, 56, 6, 152, 45, 19, 150, 168, 331, 177, 83, 4, 13, 178, 183, negative
97, 49, 76, 203, 73, 7, 178, 36, 21, 157, 194, 487, 186, 72, 0, 7, 197, 200, negative
110, 46, 100, 197, 61, 9, 193, 34, 22, 149, 209, 561, 160, 65, 11, 7, 194, 203, positive
96, 46, 74, 202, 74, 5, 163, 39, 20, 149, 185, 408, 191, 70, 7, 8, 196, 200, negative
90, 41, 78, 145, 55, 7, 138, 48, 18, 138, 161, 284, 158, 67, 0, 1, 192, 197, negative
91, 42, 66, 142, 58, 9, 134, 50, 18, 142, 163, 268, 164, 69, 6, 5, 191, 197, negative
94, 50, 84, 138, 57, 10, 156, 44, 20, 170, 171, 351, 187, 77, 5, 6, 182, 191, negative
103, 53, 106, 172, 55, 10, 212, 32, 24, 168, 220, 660, 223, 73, 16, 24, 187, 197, positive
83, 40, 53, 114, 53, 6, 132, 53, 18, 140, 142, 247, 157, 86, 8, 7, 176, 183, negative
89, 44, 80, 191, 66, 6, 162, 40, 20, 143, 189, 396, 180, 66, 13, 11, 194, 199, negative
83, 39, 69, 127, 54, 5, 135, 49, 18, 131, 155, 274, 162, 69, 16, 6, 187, 190, negative
81, 45, 68, 154, 69, 22, 151, 45, 19, 147, 186, 335, 186, 88, 1, 10, 180, 185, negative
93, 42, 98, 192, 63, 9, 185, 36, 22, 138, 206, 508, 173, 70, 10, 21, 189, 197, positive
