@relation .a/vehicle1/vehicle1
@attribute Compactness integer [73, 119]
@attribute Circularity integer [33, 59]
@attribute Distance_circularity integer [40, 112]
@attribute Radius_ratio integer [104, 333]
@attribute Praxis_aspect_ratio integer [47, 138]
@attribute Max_length_aspect_ratio integer [2, 55]
@attribute Scatter_ratio integer [112, 265]
@attribute Elongatedness integer [26, 61]
@attribute Praxis_rectangular integer [17, 29]
@attribute Length_rectangular integer [118, 188]
@attribute Major_variance integer [130, 320]
@attribute Minor_variance integer [184, 1018]
@attribute Gyration_radius integer [109, 268]
@attribute Major_skewness integer [59, 135]
@attribute Minor_skewness integer [0, 22]
@attribute Minor_kurtosis integer [0, 41]
@attribute Major_kurtosis integer [176, 206]
@attribute Hollows_ratio integer [181, 211]
@attribute Class {positive, negative}
@inputs Compactness, Circularity, Distance_circularity, Radius_ratio, Praxis_aspect_ratio, Max_length_aspect_ratio, Scatter_ratio, Elongatedness, Praxis_rectangular, Length_rectangular, Major_variance, Minor_variance, Gyration_radius, Major_skewness, Minor_skewness, Minor_kurtosis, Major_kurtosis, Hollows_ratio
@outputs Class
@data
84, 47, 75, 153, 64, 6, 154, 43, 19, 145, 175, 354, 184, 75, 0, 3, 185, 192, negative
93, 35, 66, 154, 59, 6, 142, 46, 18, 128, 162, 304, 120, 64, 5, 13, 197, 202, negative
91, 45, 79, 176, 59, 9, 163, 40, 20, 148, 184, 404, 179, 62, 0, 10, 199, 208, positive
104, 52, 100, 191, 59, 9, 197, 33, 23, 158, 218, 583, 234, 70, 10, 10, 191, 198, positive
97, 50, 108, 211, 65, 10, 214, 31, 24, 156, 232, 683, 218, 72, 7, 29, 188, 197, negative
95, 46, 105, 219, 68, 9, 201, 33, 23, 148, 223, 602, 201, 69, 5, 38, 191, 202, negative
93, 43, 85, 133, 54, 10, 155, 44, 19, 153, 174, 351, 165, 75, 12, 13, 184, 196, negative
93, 49, 79, 180, 65, 7, 173, 37, 21, 158, 189, 463, 194, 70, 5, 10, 197, 202, negative
89, 37, 54, 119, 53, 5, 134, 50, 18, 127, 151, 266, 146, 79, 16, 14, 184, 185, positive
90, 46, 80, 143, 62, 11, 159, 43, 20, 156, 169, 366, 186, 74, 17, 7, 185, 193, negative
90, 43, 72, 172, 59, 8, 154, 42, 19, 144, 174, 360, 158, 61, 15, 9, 203, 209, positive
106, 54, 103, 161, 47, 4, 247, 27, 27, 166, 266, 892, 242, 85, 4, 11, 181, 183, negative
107, 55, 98, 199, 59, 7, 240, 27, 26, 168, 258, 866, 245, 80, 3, 1, 186, 184, negative
86, 46, 70, 149, 65, 8, 149, 45, 19, 146, 170, 331, 185, 77, 6, 6, 183, 188, negative
101, 56, 100, 168, 55, 11, 214, 31, 24, 175, 219, 681, 224, 74, 2, 3, 185, 192, negative
90, 41, 71, 169, 68, 7, 150, 44, 19, 138, 175, 336, 157, 71, 3, 18, 192, 197, negative
104, 57, 103, 216, 69, 11, 219, 30, 25, 176, 228, 708, 219, 73, 4, 3, 186, 196, negative
86, 41, 66, 133, 56, 6, 136, 49, 18, 136, 155, 274, 162, 74, 5, 14, 183, 189, positive
86, 41, 64, 148, 61, 5, 150, 45, 19, 138, 165, 333, 173, 80, 5, 8, 182, 185, positive
90, 48, 78, 134, 56, 11, 160, 43, 20, 167, 169, 366, 185, 76, 1, 14, 182, 192, negative
79, 47, 74, 141, 61, 7, 153, 43, 19, 149, 175, 349, 199, 77, 6, 10, 183, 189, negative
103, 55, 103, 211, 65, 11, 212, 31, 24, 165, 229, 673, 249, 72, 5, 16, 188, 196, negative
92, 43, 69, 158, 56, 7, 149, 44, 19, 143, 170, 333, 168, 63, 14, 18, 198, 203, negative
82, 45, 68, 150, 69, 5, 148, 45, 19, 144, 169, 322, 184, 80, 5, 0, 181, 184, negative
93, 47, 88, 200, 66, 7, 173, 38, 21, 151, 197, 452, 205, 66, 0, 3, 195, 202, positive
116, 53, 110, 231, 67, 12, 217, 31, 24, 165, 231, 692, 222, 67, 16, 28, 192, 206, positive
96, 47, 103, 215, 69, 10, 200, 33, 23, 147, 220, 598, 200, 73, 6, 6, 187, 194, negative
89, 45, 81, 246, 102, 43, 155, 44, 20, 160, 200, 347, 177, 90, 9, 17, 183, 192, negative
109, 55, 102, 169, 51, 6, 241, 27, 26, 165, 265, 870, 247, 84, 10, 11, 184, 183, negative
107, 52, 103, 186, 57, 11, 214, 31, 24, 162, 217, 676, 189, 66, 6, 5, 189, 198, negative
96, 52, 104, 222, 67, 9, 198, 33, 23, 163, 217, 589, 226, 67, 12, 20, 192, 201, negative
98, 44, 78, 160, 63, 8, 142, 47, 18, 148, 160, 300, 171, 63, 19, 2, 201, 207, negative
109, 54, 103, 205, 63, 11, 222, 30, 25, 175, 229, 720, 213, 71, 6, 14, 187, 200, positive
89, 40, 72, 155, 63, 7, 146, 45, 19, 135, 175, 321, 145, 72, 4, 10, 192, 196, negative
91, 45, 76, 171, 69, 7, 150, 44, 19, 144, 170, 340, 179, 69, 12, 1, 195, 201, negative
108, 52, 109, 182, 55, 12, 216, 31, 24, 171, 229, 687, 214, 72, 10, 28, 189, 201, positive
101, 46, 105, 195, 61, 10, 198, 34, 23, 150, 213, 578, 195, 66, 7, 38, 192, 205, positive
108, 54, 105, 203, 62, 11, 202, 33, 23, 164, 216, 608, 235, 68, 12, 3, 190, 200, positive
84, 45, 68, 148, 64, 6, 146, 46, 19, 142, 168, 317, 180, 75, 5, 1, 183, 187, negative
99, 43, 89, 195, 63, 8, 186, 35, 22, 144, 210, 521, 166, 68, 6, 13, 191, 199, positive
90, 47, 85, 145, 58, 9, 152, 44, 19, 155, 175, 345, 184, 73, 4, 2, 186, 197, negative
100, 57, 107, 207, 63, 11, 227, 30, 25, 180, 234, 756, 205, 72, 6, 19, 186, 198, negative
101, 53, 108, 184, 54, 12, 216, 31, 24, 172, 220, 685, 187, 68, 4, 24, 190, 201, negative
96, 36, 74, 183, 70, 6, 149, 43, 19, 127, 178, 341, 127, 69, 0, 17, 201, 205, negative
87, 43, 70, 169, 72, 7, 152, 44, 19, 145, 177, 341, 171, 76, 6, 12, 184, 187, negative
98, 48, 101, 195, 61, 11, 207, 31, 23, 152, 227, 650, 193, 71, 5, 7, 189, 196, negative
86, 38, 89, 176, 59, 9, 169, 39, 20, 132, 190, 428, 148, 67, 7, 33, 193, 202, negative
96, 54, 104, 175, 58, 10, 215, 31, 24, 175, 221, 682, 222, 75, 13, 23, 186, 194, negative
82, 40, 73, 141, 57, 8, 153, 44, 19, 133, 173, 342, 153, 75, 11, 9, 181, 187, negative
104, 55, 100, 201, 66, 10, 214, 31, 24, 173, 224, 680, 221, 74, 1, 1, 185, 194, positive
102, 51, 108, 193, 57, 10, 212, 31, 24, 162, 219, 663, 184, 66, 7, 21, 191, 201, negative
101, 56, 100, 204, 62, 12, 227, 30, 25, 178, 231, 757, 204, 73, 0, 11, 186, 197, negative
97, 46, 94, 209, 67, 10, 195, 34, 22, 147, 224, 573, 194, 70, 0, 14, 188, 197, negative
92, 42, 75, 172, 60, 8, 147, 45, 19, 142, 174, 322, 160, 62, 22, 10, 206, 211, negative
85, 40, 75, 137, 56, 7, 152, 44, 19, 134, 173, 339, 160, 76, 7, 16, 182, 187, positive
88, 39, 76, 155, 62, 8, 137, 48, 18, 137, 156, 281, 124, 63, 3, 6, 201, 209, negative
92, 45, 74, 187, 74, 7, 157, 41, 19, 143, 179, 375, 183, 70, 8, 6, 195, 201, negative
98, 35, 70, 182, 68, 5, 155, 41, 19, 124, 184, 371, 117, 71, 3, 22, 202, 205, negative
96, 43, 82, 161, 55, 5, 186, 34, 22, 141, 215, 534, 162, 75, 0, 6, 195, 196, negative
93, 39, 78, 164, 66, 8, 139, 48, 18, 140, 157, 290, 126, 64, 4, 7, 201, 208, negative
92, 37, 75, 191, 71, 6, 161, 40, 20, 128, 180, 393, 135, 69, 1, 14, 195, 202, negative
85, 33, 50, 104, 53, 4, 115, 59, 17, 118, 136, 193, 127, 83, 1, 30, 179, 185, positive
92, 42, 69, 153, 58, 8, 140, 48, 18, 138, 165, 290, 151, 64, 10, 21, 199, 206, negative
86, 44, 70, 140, 64, 6, 148, 45, 19, 145, 170, 322, 185, 82, 10, 1, 181, 183, negative
86, 44, 77, 155, 60, 7, 152, 44, 19, 141, 174, 345, 161, 72, 9, 0, 187, 192, negative
89, 38, 77, 161, 62, 7, 149, 45, 19, 129, 174, 327, 153, 71, 6, 21, 188, 193, positive
103, 41, 83, 194, 63, 9, 175, 38, 21, 142, 199, 455, 138, 65, 7, 30, 197, 206, negative
89, 38, 82, 156, 59, 8, 153, 43, 19, 129, 179, 351, 137, 70, 1, 1, 187, 192, positive
92, 37, 75, 184, 70, 6, 154, 42, 19, 131, 184, 363, 127, 71, 0, 4, 198, 202, negative
83, 42, 71, 152, 64, 7, 149, 45, 19, 142, 172, 331, 158, 74, 2, 2, 184, 190, negative
104, 52, 110, 172, 53, 10, 219, 30, 25, 166, 235, 711, 218, 74, 10, 28, 188, 198, negative
96, 44, 68, 190, 70, 7, 155, 41, 19, 145, 179, 372, 166, 67, 5, 7, 202, 206, negative
96, 40, 78, 170, 58, 7, 174, 38, 21, 139, 197, 455, 160, 68, 3, 29, 191, 200, positive
85, 36, 51, 115, 56, 5, 119, 57, 17, 124, 139, 207, 127, 81, 13, 5, 181, 184, negative
91, 41, 64, 148, 61, 8, 129, 51, 18, 142, 161, 249, 153, 68, 6, 12, 194, 201, negative
81, 45, 68, 137, 60, 7, 152, 45, 19, 151, 167, 333, 179, 81, 3, 13, 179, 183, negative
88, 39, 70, 166, 66, 7, 148, 44, 19, 134, 167, 332, 143, 69, 5, 13, 193, 201, negative
92, 52, 93, 204, 67, 9, 189, 35, 22, 161, 214, 536, 240, 72, 2, 5, 188, 195, negative
97, 38, 75, 188, 68, 6, 171, 37, 20, 129, 199, 450, 137, 74, 2, 6, 197, 199, negative
96, 45, 101, 201, 66, 9, 192, 34, 22, 143, 218, 552, 195, 73, 3, 19, 189, 197, positive
90, 39, 85, 160, 59, 7, 163, 41, 20, 131, 189, 396, 158, 71, 7, 13, 186, 192, positive
111, 53, 108, 211, 61, 11, 207, 32, 23, 167, 217, 636, 216, 64, 21, 2, 196, 205, positive
103, 56, 100, 185, 59, 11, 216, 31, 24, 173, 219, 684, 219, 75, 15, 11, 186, 194, negative
105, 54, 105, 213, 67, 10, 200, 33, 23, 163, 214, 597, 214, 68, 10, 20, 190, 198, negative
97, 37, 70, 173, 66, 7, 151, 43, 19, 129, 167, 346, 119, 65, 0, 16, 201, 208, negative
