@relation .a/vehicle0/vehicle0
@attribute Compactness integer [73, 119]
@attribute Circularity integer [33, 59]
@attribute Distance_circularity integer [40, 112]
@attribute Radius_ratio integer [104, 333]
@attribute Praxis_aspect_ratio integer [47, 138]
@attribute Max_length_aspect_ratio integer [2, 55]
@attribute Scatter_ratio integer [112, 265]
@attribute Elongatedness integer [26, 61]
@attribute Praxis_rectangular integer [17, 29]
@attribute Length_rectangular integer [118, 188]
@attribute Major_variance integer [130, 320]
@attribute Minor_variance integer [184, 1018]
@attribute Gyration_radius integer [109, 268]
@attribute Major_skewness integer [59, 135]
@attribute Minor_skewness integer [0, 22]
@attribute Minor_kurtosis integer [0, 41]
@attribute Major_kurtosis integer [176, 206]
@attribute Hollows_ratio integer [181, 211]
@attribute Class {positive, negative}
@inputs Compactness, Circularity, Distance_circularity, Radius_ratio, Praxis_aspect_ratio, Max_length_aspect_ratio, Scatter_ratio, Elongatedness, Praxis_rectangular, Length_rectangular, Major_variance, Minor_variance, Gyration_radius, Major_skewness, Minor_skewness, Minor_kurtosis, Major_kurtosis, Hollows_ratio
@outputs Class
@data
91, 38, 70, 160, 66, 25, 140, 47, 18, 139, 162, 296, 130, 67, 4, 11, 192, 202, positive
101, 53, 108, 184, 54, 12, 216, 31, 24, 172, 220, 685, 187, 68, 4, 24, 190, 201, negative
91, 39, 88, 189, 63, 9, 175, 38, 21, 132, 197, 457, 156, 69, 0, 23, 191, 198, negative
88, 42, 64, 151, 62, 8, 130, 51, 18, 142, 150, 253, 161, 63, 3, 2, 203, 210, positive
98, 39, 68, 121, 49, 7, 134, 51, 18, 142, 164, 261, 134, 75, 4, 1, 186, 186, positive
100, 49, 96, 206, 63, 9, 186, 35, 22, 156, 202, 519, 176, 62, 3, 5, 197, 205, negative
95, 45, 80, 186, 62, 7, 164, 40, 20, 145, 188, 406, 178, 65, 11, 18, 199, 204, negative
116, 53, 110, 231, 67, 12, 217, 31, 24, 165, 231, 692, 222, 67, 16, 28, 192, 206, negative
81, 38, 53, 123, 58, 6, 134, 51, 18, 128, 147, 259, 148, 83, 10, 6, 177, 184, negative
89, 47, 81, 156, 57, 8, 161, 41, 20, 149, 187, 388, 197, 72, 9, 15, 187, 193, negative
88, 36, 53, 113, 57, 3, 118, 57, 17, 128, 137, 204, 136, 88, 7, 14, 180, 183, positive
108, 51, 100, 206, 63, 10, 196, 34, 23, 159, 214, 576, 201, 65, 7, 16, 194, 205, negative
85, 42, 66, 120, 53, 7, 149, 45, 19, 145, 173, 325, 163, 85, 5, 4, 180, 182, negative
86, 45, 70, 122, 56, 7, 148, 45, 19, 144, 170, 324, 186, 84, 9, 5, 180, 183, negative
104, 56, 96, 231, 74, 11, 220, 30, 25, 172, 223, 713, 218, 73, 6, 16, 186, 195, negative
91, 44, 66, 151, 63, 7, 137, 48, 18, 146, 166, 280, 167, 72, 1, 9, 188, 194, positive
105, 54, 106, 215, 68, 10, 208, 32, 24, 166, 217, 640, 218, 69, 14, 23, 189, 199, negative
103, 55, 103, 211, 65, 11, 212, 31, 24, 165, 229, 673, 249, 72, 5, 16, 188, 196, negative
110, 54, 102, 201, 64, 11, 213, 31, 24, 171, 222, 669, 221, 73, 17, 16, 188, 198, negative
109, 54, 103, 205, 63, 11, 222, 30, 25, 175, 229, 720, 213, 71, 6, 14, 187, 200, negative
88, 40, 69, 146, 59, 7, 130, 51, 18, 134, 147, 252, 144, 64, 1, 1, 193, 200, negative
84, 44, 65, 128, 55, 8, 150, 46, 19, 148, 169, 325, 176, 82, 1, 11, 179, 183, negative
100, 51, 89, 199, 65, 6, 201, 32, 23, 159, 219, 622, 205, 74, 6, 7, 193, 193, negative
90, 41, 71, 169, 68, 7, 150, 44, 19, 138, 175, 336, 157, 71, 3, 18, 192, 197, negative
98, 54, 104, 186, 59, 10, 213, 32, 24, 172, 223, 665, 217, 73, 1, 26, 186, 195, negative
109, 53, 103, 210, 63, 11, 219, 30, 25, 172, 229, 707, 212, 71, 6, 3, 188, 199, negative
113, 53, 93, 197, 62, 11, 216, 31, 24, 165, 221, 688, 196, 72, 6, 25, 188, 199, negative
113, 57, 109, 194, 56, 6, 260, 26, 28, 175, 288, 982, 261, 85, 11, 21, 182, 183, negative
103, 51, 105, 174, 56, 11, 210, 32, 24, 163, 222, 650, 222, 73, 8, 9, 187, 196, negative
91, 46, 78, 148, 61, 9, 147, 45, 19, 152, 168, 323, 199, 70, 13, 11, 189, 200, positive
97, 47, 81, 183, 64, 8, 168, 39, 20, 150, 193, 426, 182, 70, 11, 2, 192, 198, negative
86, 45, 73, 152, 63, 6, 149, 44, 19, 145, 170, 335, 176, 71, 6, 1, 189, 196, negative
111, 50, 103, 199, 60, 11, 211, 31, 24, 156, 223, 663, 188, 68, 9, 9, 190, 200, negative
87, 44, 98, 211, 70, 10, 189, 35, 22, 141, 214, 535, 178, 71, 2, 21, 187, 194, negative
86, 34, 62, 140, 61, 7, 122, 54, 17, 127, 141, 223, 112, 64, 2, 14, 200, 208, positive
83, 46, 73, 137, 59, 6, 148, 45, 19, 146, 167, 327, 183, 75, 8, 0, 185, 191, negative
108, 55, 105, 230, 68, 11, 218, 30, 24, 171, 228, 709, 210, 69, 14, 4, 190, 197, negative
96, 39, 58, 117, 51, 6, 133, 52, 18, 139, 154, 255, 150, 86, 6, 0, 181, 182, positive
91, 52, 98, 196, 62, 9, 193, 34, 22, 161, 216, 562, 244, 69, 3, 1, 190, 199, negative
115, 52, 100, 203, 62, 10, 217, 31, 24, 165, 229, 697, 214, 72, 14, 4, 188, 197, negative
90, 41, 62, 147, 60, 6, 128, 52, 18, 141, 149, 246, 157, 61, 13, 4, 201, 208, positive
105, 54, 108, 234, 70, 12, 215, 31, 24, 168, 226, 687, 228, 68, 4, 22, 189, 201, negative
107, 57, 106, 179, 51, 8, 257, 26, 28, 172, 275, 954, 232, 83, 2, 20, 181, 184, negative
81, 46, 71, 141, 61, 7, 153, 44, 19, 148, 177, 347, 190, 80, 1, 14, 182, 187, negative
90, 42, 63, 126, 55, 7, 152, 45, 19, 142, 173, 336, 173, 81, 0, 15, 180, 184, negative
91, 43, 70, 133, 55, 8, 130, 51, 18, 146, 159, 253, 156, 70, 1, 8, 190, 194, positive
82, 45, 66, 252, 126, 52, 148, 45, 19, 144, 237, 326, 185, 119, 1, 1, 181, 185, negative
110, 53, 104, 223, 66, 10, 211, 32, 24, 164, 223, 659, 210, 67, 5, 16, 190, 203, negative
85, 42, 59, 132, 58, 7, 149, 46, 19, 144, 166, 320, 172, 83, 8, 4, 179, 182, negative
104, 55, 105, 216, 68, 11, 205, 32, 23, 169, 221, 623, 216, 71, 9, 18, 189, 196, negative
98, 58, 101, 208, 65, 12, 226, 30, 25, 182, 225, 748, 216, 71, 6, 1, 185, 196, negative
84, 38, 60, 128, 56, 5, 132, 50, 18, 130, 148, 261, 141, 75, 8, 4, 185, 188, negative
73, 37, 53, 111, 54, 6, 126, 55, 18, 128, 135, 227, 147, 82, 1, 15, 176, 184, negative
86, 41, 64, 148, 61, 5, 150, 45, 19, 138, 165, 333, 173, 80, 5, 8, 182, 185, negative
94, 46, 91, 175, 70, 12, 157, 43, 20, 155, 172, 358, 192, 69, 15, 21, 190, 200, positive
91, 41, 66, 131, 56, 9, 126, 53, 18, 144, 159, 237, 155, 72, 3, 10, 191, 194, positive
93, 41, 82, 159, 63, 9, 144, 46, 19, 143, 160, 309, 127, 63, 6, 10, 199, 207, positive
104, 49, 89, 168, 54, 4, 212, 31, 24, 153, 238, 682, 198, 78, 1, 23, 190, 189, negative
93, 43, 78, 166, 59, 7, 151, 44, 19, 141, 182, 342, 174, 68, 15, 2, 193, 197, negative
106, 57, 107, 235, 67, 6, 262, 26, 28, 171, 285, 987, 260, 86, 9, 31, 180, 184, negative
90, 47, 85, 161, 64, 10, 163, 42, 20, 160, 177, 389, 185, 73, 9, 0, 185, 195, positive
109, 55, 96, 191, 57, 6, 241, 28, 26, 170, 267, 857, 242, 85, 8, 9, 184, 184, negative
89, 36, 69, 142, 57, 7, 135, 50, 18, 126, 154, 266, 128, 66, 3, 36, 193, 203, negative
89, 44, 68, 113, 50, 7, 150, 45, 19, 147, 171, 328, 189, 88, 6, 5, 179, 182, negative
86, 37, 69, 150, 63, 8, 138, 48, 18, 134, 163, 284, 124, 71, 1, 6, 189, 195, positive
106, 49, 106, 211, 64, 9, 208, 32, 24, 158, 224, 645, 184, 68, 1, 24, 190, 202, negative
104, 52, 101, 206, 62, 10, 198, 33, 23, 161, 207, 587, 204, 64, 2, 5, 195, 204, negative
91, 45, 75, 154, 57, 6, 150, 44, 19, 146, 170, 335, 180, 66, 16, 2, 193, 198, negative
102, 51, 108, 193, 57, 10, 212, 31, 24, 162, 219, 663, 184, 66, 7, 21, 191, 201, negative
82, 36, 51, 114, 53, 4, 135, 50, 18, 126, 150, 268, 144, 86, 15, 4, 181, 182, negative
106, 54, 101, 222, 67, 12, 222, 30, 25, 173, 228, 721, 200, 70, 3, 4, 187, 201, negative
96, 37, 74, 199, 74, 5, 165, 39, 20, 128, 188, 419, 136, 72, 1, 3, 196, 200, negative
88, 44, 71, 165, 70, 7, 144, 46, 19, 141, 167, 312, 172, 71, 4, 4, 188, 193, negative
104, 55, 109, 230, 67, 12, 218, 30, 24, 174, 230, 706, 226, 67, 8, 22, 191, 202, negative
98, 55, 101, 219, 69, 11, 225, 30, 25, 178, 231, 748, 216, 74, 6, 14, 187, 195, negative
86, 36, 78, 146, 58, 7, 135, 50, 18, 124, 155, 270, 148, 66, 0, 25, 190, 195, negative
88, 44, 70, 151, 61, 8, 143, 46, 18, 143, 163, 311, 173, 68, 7, 8, 196, 203, negative
95, 47, 88, 162, 64, 11, 159, 43, 20, 157, 176, 371, 185, 71, 12, 13, 189, 198, positive
93, 42, 64, 158, 68, 9, 134, 49, 18, 142, 163, 268, 170, 71, 7, 13, 192, 201, positive
98, 55, 104, 213, 67, 9, 206, 32, 23, 167, 223, 629, 220, 72, 5, 19, 187, 196, negative
85, 45, 82, 133, 56, 11, 159, 43, 20, 156, 170, 362, 173, 76, 10, 21, 183, 193, positive
95, 38, 66, 126, 52, 8, 133, 52, 18, 140, 158, 253, 140, 78, 11, 8, 184, 183, positive
91, 38, 76, 172, 61, 8, 167, 40, 20, 134, 196, 415, 145, 71, 0, 28, 189, 198, negative
89, 41, 63, 134, 59, 6, 123, 55, 17, 137, 148, 223, 150, 76, 12, 3, 186, 188, positive
110, 56, 109, 199, 57, 5, 251, 27, 27, 169, 272, 928, 268, 82, 11, 10, 183, 183, negative
