@relation .a/vehicle0/vehicle0
@attribute Compactness integer [73, 119]
@attribute Circularity integer [33, 59]
@attribute Distance_circularity integer [40, 112]
@attribute Radius_ratio integer [104, 333]
@attribute Praxis_aspect_ratio integer [47, 138]
@attribute Max_length_aspect_ratio integer [2, 55]
@attribute Scatter_ratio integer [112, 265]
@attribute Elongatedness integer [26, 61]
@attribute Praxis_rectangular integer [17, 29]
@attribute Length_rectangular integer [118, 188]
@attribute Major_variance integer [130, 320]
@attribute Minor_variance integer [184, 1018]
@attribute Gyration_radius integer [109, 268]
@attribute Major_skewness integer [59, 135]
@attribute Minor_skewness integer [0, 22]
@attribute Minor_kurtosis integer [0, 41]
@attribute Major_kurtosis integer [176, 206]
@attribute Hollows_ratio integer [181, 211]
@attribute Class {positive, negative}
@inputs Compactness, Circularity, Distance_circularity, Radius_ratio, Praxis_aspect_ratio, Max_length_aspect_ratio, Scatter_ratio, Elongatedness, Praxis_rectangular, Length_rectangular, Major_variance, Minor_variance, Gyration_radius, Major_skewness, Minor_skewness, Minor_kurtosis, Major_kurtosis, Hollows_ratio
@outputs Class
@data
89, 36, 77, 172, 62, 8, 157, 42, 19, 125, 174, 367, 126, 63, 5, 22, 198, 205, negative
94, 43, 69, 161, 59, 7, 152, 43, 19, 143, 175, 349, 187, 67, 12, 11, 193, 198, negative
90, 47, 85, 149, 60, 10, 155, 43, 19, 155, 179, 355, 186, 75, 1, 5, 185, 196, positive
100, 51, 104, 163, 52, 10, 206, 32, 23, 164, 217, 631, 193, 69, 5, 21, 188, 196, negative
102, 52, 98, 225, 71, 10, 214, 31, 24, 164, 228, 682, 199, 71, 0, 16, 187, 196, negative
103, 56, 105, 183, 59, 10, 210, 32, 24, 173, 217, 648, 218, 72, 13, 22, 188, 196, negative
88, 34, 58, 140, 59, 6, 127, 52, 18, 130, 148, 243, 113, 63, 4, 10, 199, 206, positive
100, 49, 80, 206, 70, 6, 183, 35, 21, 156, 206, 517, 198, 73, 3, 13, 198, 199, negative
98, 38, 72, 192, 69, 5, 166, 38, 20, 131, 189, 427, 138, 70, 1, 3, 200, 202, negative
84, 38, 74, 138, 57, 8, 139, 49, 18, 127, 160, 282, 127, 72, 9, 20, 183, 191, negative
102, 53, 101, 238, 72, 4, 238, 28, 26, 163, 267, 844, 242, 85, 7, 22, 184, 184, negative
89, 42, 66, 125, 53, 7, 131, 51, 18, 144, 162, 254, 162, 73, 10, 17, 188, 191, positive
94, 49, 87, 137, 54, 11, 158, 43, 20, 162, 178, 366, 186, 75, 5, 5, 183, 194, positive
90, 44, 69, 152, 64, 7, 135, 49, 18, 145, 165, 272, 162, 75, 3, 2, 187, 191, positive
90, 36, 85, 184, 64, 6, 160, 41, 20, 125, 187, 385, 139, 66, 9, 31, 195, 203, negative
85, 37, 80, 158, 59, 8, 153, 44, 19, 126, 179, 348, 136, 69, 6, 21, 191, 197, negative
94, 45, 72, 179, 69, 6, 156, 41, 19, 144, 181, 373, 191, 69, 5, 5, 193, 198, negative
101, 51, 112, 201, 59, 11, 214, 32, 24, 162, 223, 667, 194, 65, 0, 36, 190, 206, negative
94, 47, 85, 333, 138, 49, 155, 43, 19, 155, 320, 354, 187, 135, 12, 9, 188, 196, positive
96, 39, 77, 160, 62, 8, 140, 47, 18, 150, 161, 294, 124, 62, 15, 3, 201, 208, positive
86, 44, 65, 129, 56, 6, 152, 45, 19, 150, 168, 331, 177, 83, 4, 13, 178, 183, negative
98, 51, 96, 203, 66, 10, 188, 35, 22, 157, 207, 533, 231, 68, 10, 1, 191, 199, negative
93, 42, 70, 131, 56, 7, 127, 53, 18, 145, 156, 240, 152, 74, 5, 4, 189, 190, positive
90, 39, 57, 114, 48, 7, 135, 51, 18, 139, 155, 261, 151, 85, 12, 8, 183, 182, positive
95, 49, 82, 139, 56, 11, 159, 43, 20, 162, 173, 365, 185, 75, 7, 10, 182, 191, positive
82, 40, 73, 141, 57, 8, 153, 44, 19, 133, 173, 342, 153, 75, 11, 9, 181, 187, negative
82, 44, 72, 118, 52, 7, 152, 44, 19, 147, 174, 340, 177, 82, 2, 2, 180, 185, negative
102, 45, 85, 193, 64, 6, 192, 33, 22, 146, 217, 570, 163, 76, 6, 7, 195, 193, negative
100, 46, 85, 164, 64, 11, 163, 42, 20, 163, 176, 387, 170, 71, 18, 0, 189, 196, positive
90, 42, 63, 144, 59, 7, 131, 50, 18, 142, 154, 259, 162, 65, 15, 3, 197, 204, positive
100, 51, 109, 224, 67, 9, 217, 30, 24, 162, 238, 704, 206, 72, 6, 18, 189, 199, negative
104, 55, 105, 223, 70, 10, 223, 30, 25, 177, 237, 737, 218, 75, 14, 11, 188, 196, negative
93, 47, 84, 205, 71, 7, 176, 36, 21, 152, 190, 476, 201, 70, 7, 19, 198, 201, negative
111, 54, 103, 171, 50, 11, 221, 30, 25, 172, 227, 727, 201, 69, 15, 6, 190, 198, negative
85, 33, 40, 115, 57, 3, 112, 61, 17, 119, 130, 184, 127, 86, 12, 21, 181, 183, negative
107, 52, 101, 218, 64, 11, 202, 33, 23, 164, 219, 610, 192, 65, 17, 2, 197, 206, negative
88, 45, 82, 155, 56, 8, 154, 43, 19, 149, 180, 357, 170, 69, 3, 0, 188, 193, negative
97, 41, 88, 184, 59, 9, 175, 38, 21, 140, 192, 459, 147, 63, 1, 5, 196, 205, negative
92, 40, 66, 111, 48, 7, 139, 50, 19, 140, 159, 277, 148, 85, 12, 19, 182, 183, positive
79, 39, 72, 127, 53, 9, 142, 48, 19, 135, 165, 295, 144, 77, 7, 21, 181, 189, negative
85, 36, 66, 123, 55, 5, 120, 56, 17, 128, 140, 212, 131, 73, 1, 18, 186, 190, positive
97, 44, 95, 202, 66, 9, 188, 35, 22, 144, 216, 526, 175, 72, 15, 11, 190, 197, negative
93, 39, 63, 146, 58, 7, 128, 52, 18, 134, 149, 246, 158, 63, 9, 7, 198, 204, negative
96, 44, 85, 166, 66, 10, 155, 43, 19, 150, 167, 355, 159, 67, 3, 10, 192, 202, positive
93, 40, 62, 117, 49, 7, 131, 52, 18, 145, 160, 249, 156, 78, 8, 6, 184, 184, positive
90, 39, 89, 181, 62, 8, 175, 38, 21, 132, 200, 458, 154, 70, 11, 15, 189, 195, negative
96, 52, 104, 222, 67, 9, 198, 33, 23, 163, 217, 589, 226, 67, 12, 20, 192, 201, negative
102, 43, 96, 197, 63, 10, 185, 36, 22, 142, 202, 513, 139, 65, 8, 12, 195, 204, negative
91, 36, 60, 126, 56, 6, 119, 56, 17, 130, 139, 211, 118, 67, 6, 14, 192, 198, positive
102, 45, 83, 198, 65, 5, 194, 33, 22, 146, 225, 576, 167, 79, 0, 27, 193, 191, negative
86, 38, 89, 176, 59, 9, 169, 39, 20, 132, 190, 428, 148, 67, 7, 33, 193, 202, negative
88, 40, 55, 114, 53, 7, 132, 53, 18, 139, 142, 249, 158, 87, 0, 7, 176, 183, positive
93, 51, 90, 209, 69, 8, 183, 36, 22, 156, 211, 506, 230, 70, 6, 1, 189, 196, negative
80, 44, 68, 135, 59, 8, 150, 45, 19, 145, 170, 329, 173, 80, 7, 12, 180, 185, negative
104, 57, 103, 222, 72, 12, 221, 30, 25, 177, 223, 718, 218, 72, 11, 12, 186, 195, negative
87, 44, 65, 124, 56, 6, 149, 46, 19, 144, 170, 321, 171, 87, 4, 12, 179, 182, negative
112, 50, 110, 186, 56, 11, 214, 31, 24, 159, 232, 676, 203, 71, 18, 27, 191, 202, negative
101, 55, 105, 182, 59, 10, 215, 31, 24, 177, 221, 678, 223, 74, 12, 26, 186, 195, negative
89, 47, 83, 169, 61, 8, 164, 40, 20, 150, 189, 402, 190, 72, 7, 10, 187, 193, negative
101, 51, 98, 194, 60, 10, 195, 34, 22, 161, 219, 572, 219, 67, 0, 10, 192, 201, negative
90, 48, 78, 143, 60, 11, 161, 43, 20, 159, 172, 374, 186, 75, 2, 2, 184, 193, positive
96, 36, 74, 183, 70, 6, 149, 43, 19, 127, 178, 341, 127, 69, 0, 17, 201, 205, negative
88, 37, 63, 130, 58, 5, 125, 54, 18, 130, 141, 230, 145, 74, 14, 20, 184, 188, negative
83, 44, 68, 144, 61, 8, 147, 45, 19, 143, 170, 325, 180, 74, 1, 1, 185, 191, negative
100, 46, 81, 187, 61, 9, 166, 40, 20, 154, 189, 415, 175, 63, 13, 9, 198, 207, negative
95, 46, 105, 219, 68, 9, 201, 33, 23, 148, 223, 602, 201, 69, 5, 38, 191, 202, negative
99, 46, 105, 209, 64, 11, 197, 34, 23, 152, 212, 575, 159, 65, 0, 33, 194, 205, negative
88, 39, 70, 166, 66, 7, 148, 44, 19, 134, 167, 332, 143, 69, 5, 13, 193, 201, negative
85, 42, 66, 122, 54, 6, 148, 46, 19, 141, 172, 317, 174, 88, 6, 14, 180, 182, negative
106, 53, 98, 193, 60, 10, 215, 31, 24, 169, 224, 681, 218, 73, 8, 21, 188, 197, negative
91, 36, 72, 162, 60, 8, 150, 44, 19, 133, 166, 334, 121, 63, 2, 22, 196, 205, negative
81, 42, 63, 125, 55, 8, 149, 46, 19, 145, 166, 320, 172, 86, 7, 7, 179, 182, negative
82, 38, 53, 125, 59, 5, 133, 51, 18, 128, 152, 259, 146, 87, 0, 0, 177, 183, negative
86, 45, 71, 155, 66, 7, 146, 45, 19, 144, 167, 322, 176, 72, 5, 6, 189, 196, negative
98, 35, 70, 182, 68, 5, 155, 41, 19, 124, 184, 371, 117, 71, 3, 22, 202, 205, negative
89, 40, 76, 188, 76, 7, 150, 44, 19, 136, 174, 342, 148, 72, 3, 8, 193, 197, negative
101, 55, 108, 228, 69, 12, 215, 31, 24, 168, 229, 684, 214, 71, 2, 16, 188, 199, negative
85, 45, 71, 150, 63, 8, 143, 46, 19, 147, 171, 307, 179, 72, 2, 3, 187, 196, positive
108, 53, 104, 181, 56, 11, 220, 31, 25, 167, 226, 712, 214, 72, 15, 18, 189, 199, negative
100, 41, 75, 205, 71, 5, 176, 36, 21, 138, 204, 479, 151, 72, 7, 19, 197, 197, negative
93, 34, 72, 144, 56, 6, 133, 50, 18, 123, 158, 263, 125, 63, 5, 20, 200, 206, negative
90, 39, 86, 169, 62, 7, 162, 41, 20, 131, 194, 388, 147, 74, 1, 22, 185, 191, negative
109, 51, 100, 197, 59, 10, 192, 34, 22, 161, 210, 553, 195, 64, 14, 3, 196, 202, negative
85, 42, 64, 121, 55, 7, 149, 46, 19, 146, 167, 323, 172, 85, 1, 6, 179, 182, negative
95, 43, 96, 202, 65, 10, 189, 35, 22, 143, 217, 534, 166, 71, 6, 27, 190, 197, negative
